0111110101010001001000101010111110 1
1101010110010000011101011100101111001011010010111011101111111110001010110 0
10111111110100111111100111111100101111111101 1
10100011111011010111101011011111000101 1
1110001001111101010000111010111101001100101001101100001001011101101001110111 0
0011001000011000010000001001111000000000101101000111000000101011101101110111110 0
0101011001101010 1
1111010101111001000001001000001001111010101111 1
1100100111001000101100100011000101011000000001100 0
10101000000100110010000 0
0100011011000010001010101000010101101001000 0
01010110110101010010000110000011000100101001011000001001001110110111111010000110111000000001 0
00110011111100101111110100011000101111110100111111001100 1
0111010111101100011000 0
01111100010001110110010111111100111111101001101110001000111110 1
1011100011010010101000011010010100001001111011000101101001101110 0
111101010111011110111001111000111000100 0
1010010011111001101101011100001001000011101011011001111100100101 1
00011101110010111110000101001011010010100001111101001110111000 1
1101010110111000100000111001110000010001110110101011 1
0100010000100010 1
1000101001110010000111010000110000000011100101011001101010011100000000110000101110000100111001010001 1
0011001100 1
100100100000010001110110011111111001010110 0
100111101011101100010010011010001100010110010010001101110101111001 1
110001111001010110001001100001100100011010100111100011 1
01101111010001110101111011 0
0111110001111100110111110111010010101011101001 0
0111100110001011110100001110110111000010111101000110011110 1
010000001011111001010000010010000010100111110100000010 1
110001010101011011001111011110010000000010010000000010011110111100110110101010100011 1
0010010101011000011010111101100101100000011010011011110101100001101010100100 1
10011100111001 1
00110011111010010100110101110100 0
111111000011011010001100101001110100100001001011100101001100010110110000111111 1
101111110 0
101110100111010101001011001000001111000001100000111100000100110100101010111001011101 1
000101000101100111101100001 0
000000 1
11010001 0
11010000001011111010010110101001100110010010101100110101001001100110010101101001011111010000001011 1
110101011101011100001011000111100100011110001001111000110100001110101110101011 1
0100111101001000111010010001101101010110011110 0
0010110010110100110100 1
1000010011010101111010101100100001 1
011010110011010110 1
11000111001101110100101110110011100011 1
0111111111110110001001001111001001000110111111111110 1
011000011111001010101101010100111110000110 1
0010110110000010010000100100000110110100 1
0101 0
110011111110011000010011101010100101000 0
011000111101101111000100001000000100001000111101101111000110 1
010011101100110110111111011011001101110010 1
000000011000010010000000100000000001101101100000000001000000010010000110000000 1
10110101101110111010001010010111 0
10010110001011101110110111011000000010100010110011101000001010100 0
11110 0
1101101001001001011011 1
1000110001 1
1111100011100000110011000100001110110101101000000001000111111101101011001 0
1110101001100111110011101101001100101111101001101010101001000011110100000001011001101 0
0101011101110101110111101001011111101001011110111010111011101010 1
11000010001000100010111011001101010000001001 0
00010101011101000001111111000111100011111110000010111010101000 1
0011011111111001011111000000001111101001111111101100 1
110001111111111000111110011101000110011010001110011100010110011000101110011111000111111111100011 1
01000000010001100111001100011111100011000000001101000 0
1001111010000000001110111011010001100101111010000101111010011000101101110111000000000101111001 1
1010010011010010101110111100010010101010110111001110110101010100100011110111010100101100100101 1
010111000111101100111010011010011010101001011111000000111111111111100000001101 0
00 1
1001110111011101001100 0
1001011100110011101001 1
0001111110000110000111111000 1
01110010101100110001000101101111111100110110010011001001101100111111110110100010001100110101001110 1
001010011100 0
1011111011000111101100101100110100010111110010010011110 0
0011011001101100 1
01000000000101101001001011001111101011100111010111110011010010010110100000000010 1
101011000000110101 1
00110100101001001100111000110110101100 0
1111001001101001001001010100001111001 0
111100111101001100100011111 0
1001011111100111101000001100100110111010110101110110010011000001011110011111101001 1
000000000011000010000000000000010010101011010010110101010010000000000000010000110000000000 1
01011111010101101100110101010111011010000001110001000110110110110000101010011110000 0
00011010001101001100011010111100010001000010001000111101011000110010110001011000 1
001100100010011000110110100000101 0
1010010110000010111111111111110100000110100101 1
11 1
0111110000101000110000111111000011000011010110001100001001111001101000101 0
01010001010011011111001100111000011000011100110011111011001010001010 1
1000000000001101010110101000001010100110010101000001010110101011000000000001 1
0000000000000000000000 1
001000011111010011000100111100001100100100111000011010000 0
0110000100011101100010110000101111111100010000100011111111010000110100011011100010000110 1
00000000100110000110110001100110111111100111111101100110001101100001100100000000 1
010111101001100011111001100111110001100101111010 1
100111011100010001000110101 0
01010011111111001010 1
01000001000111110111111100001101110111101110110000111111101111100010000010 1
11101111 0
111010001010110110000101000001001001011010010000101111011 0
101000110110100111001101011111111011110010001010011011001 0
100000110100001011010111000011101000000101110000111010110100001011000001 1
00111010111011111010100000101000010100000101011111011101011100 1
011011100111000011111011100010 0
00001000011101011010010011100111011100101110011101101001010100 0
1001 1
11000100100010111000000001100101111111000001110111000 0
011101101011001011000100111110011111001000110100110101101110 1
010110101001101101101001000101101011010000100001111011000101110101000011001111111111101110100011 0
1001100011111110101010011000001000100010001101101001011011000100010001000001100101010111111100011001 1
11100111111101100110010110111000011101101001100110111111100111 1
100101010100101100101001110110 0
1011111110100011010101100011110000111100011010101100010111111101 1
111110010100001110100011100111001110001010010010110011111111100010001010110100100001110001010000 0
0110100011101100000000101000000000 0
110111101011100000100111001100011010111010101110101101100100001001100010 0
100011010010111111001011000011000001111101101111100000110000110100111111010010110001 1
11100111011101100010000010111110100000101011111110000001010110011110110 0
11101011100110100101000011000000010011110100101111001000000011000010100101100111010111 1
010110011011101101010011000100101010010001111010001011100110110010010000010011101001100000 0
00000110100110010101100100100110101001100101100000 1
1110010101100000001010110011000000101111011111111001111001110011001101100101001 0
111101011101110011011111001100001001111111100100001100111110110011101110101111 1
10011110001111100010001011011001100100111001010100100001100101110001101101100101000111101 0
0010000001001000000100 1
111111000000100100001111011011101100010001110000111101100010000001010110100111011101100 0
11011011011011010 0
10100100101010001001001110001011011011101110010010111010111110111100111001001010001100101111 0
001101111011001000010100101011100 0
0000101 0
10011011000110111001000010011101100011011001 1
01101100110001101001100011001010000111011000101010 0
001101011100101111100110000110111000001011101101110100000111011000011001111101001110101100 1
010111000010011010111110111010010000101000011100100100010010001000110011101001 0
111001010110011010100111 1
01110011000101101100110110011101111010011011010000111101011111010110011011001 0
01011100110001011111000011000111011010101 0
01001000000010110011111111001101000000010010 1
0110100100001001011100100100 0
011111111000011001001000001001000011 0
0010110100 1
000001100001100000 1
01011010010100000101100011000110100000101001011010 1
11110100111011001011110000111000 0
010111011011011000100100111110100001001000110011001101 0
10001010100011011011001101100110110011011011000101010001 1
10101111011001000101011111111110110010100111001101010100110100100110101110011000 0
10011010111010100001111101101001111001100110100101100110011110010110111110000101011101011001 1
100000011110010001100101000010100000001111111100000001010000101001100010011110000001 1
1011011010010100001111111000 0
1001000011110111100111110101100000000010110001110101000100011011011010011 0
0011110010111100000010000100000000110000000010000100000011110100111100 1
10001001100111000010101111101010 0
10010010 0
11100111 1
0000000000 1
0001000100000010000111001110001010000101000111001110000100000010001000 1
1110010001001000100000100010001011111011110110001001110111011 0
011110 1
000111101000110000001111101011010111 0
111100101111100011110001111101001111 1
100100101100110001101110000 0
0110100110000010111001000111111111010011111000000000111011100000101100000 0
000101001110101110111110111111001011101000100001000101110100111111011111011101011100101000 1
0001111001111000 1
0011101110010011111111111010101100000101010001000101010100011010001 0
1110010110000110100111 1
000100101000010000011010100101101000110100110001100011001011000101101001010110000010000101001000 1
00 1
0110011000001000111101101101 0
11011101001001100000111000001010110100000011001011011110101110001011000010100010 0
00000110110010010110010010100000101101101011110111101111010110110100000101001001101001001101100000 1
010001101010010011110010010101100010 1
1010001111001100010010000110001000111111100011101111 0
1100001100000001001111010011011110110101111 0
010111000110111101 0
110111011100010110 0
111110001100010111000111000011101011000 0
1010001011001101000101 1
100110101110011011100001100010100110001100010100001010001100011001010001100001110110011101011001 1
10001110100010001010100110111000011101100101010001000101110001 1
0000 1
0101000100101111100011000011101011000000000011110011100011011110001011100100101011001100 0
11111010011101111011110111001100110100110001111100011000101111001010 0
000001101100001000101010010011111110100110011001011111110010010101000100001101100000 1
11010011001011 1
0000111001000011001101001001101100000011111000000000110100000 0
001100001100000001001100010100111110101011001 0
1101100110101110111110010000000000100111110111010110011011 1
01010101100010000100110110011011001010 0
01011111000011001101111001100 0
11000010000111001100110101100000001011010000000110101100110011100001000011 1
01110000100010011101100110011010100100010010110111111101100011011110101011001100000001100100 0
1101111011010000101111101100100101001111101101001001001011011111001010010011011111010000101101111011 1
11001011000110110110111001101011000100010000 0
101000001101100101010000111110011000000 0
010101111111110011111111101010 1
10100000100100000101 1
101111000011111111101000000000001111111100000000000101111111110000111101 1
1011011001101101 1
00000111000010101111010100010101000001101011001000100101 0
1110010111 0
11110000111100001111 1
11010010110101111110110000001100000101000011000011000010100000110000001101111110101101001011 1
000000001110000111000000111000011100000000 1
011000100011101101000111100101111110011000000110011111101001111000101101110001000110 1
000100111111010110010101001010111110011111010100101010011010111111001000 1
1110000111011001010100000011001110110011110011100011110100011000011010010100110 0
11 1
0011100101010111101001001001011110101010011100 1
1101110100110110001110 0
011010000010110110000101001101010101111111101010101100101000011011010000010110 1
0111000011111011111001111001111101111100001110 1
11001010001101011110011000011111100010011110011111001111000101011010100110100001000111 0
111000000111 1
100001 1
0000111100000101111101010110101110100001000100111110001111000000110011101110001100111000100011011101 0
10100100010101010010101110010110011111111001101001110101001010101000100101 1
110101110111110001100011111011101011 1
11011011001010101011010111100111100110000001100111100111101011010101010011011011 1
1110000001000 0
1000011100110011100001 1
001100110101101001110011010100001110001011010010100011100111001100100100111111111 0
01010010111110110100001110110001100100000111011101010000000101010101110100010100101110100101000 0
011011001010100000000101100000110111011111001110100101110110001101101110100111 0
1000000101000011000001100010000110010110100110000100011000001100001010000001 1
00100100 1
1111 1
010010010111111010010010 1
10111001111100011111011101000111111010101111 0
0111011010011110100 0
11111100101100110001111010110111001101111010111001010010010000011100100010100010 0
1100010111111011 0
000011011101011010111111010110101110110000 1
010101010000100101011101001101111110111110010010011111011111101100101110101001000010101010 1
111111011100100111010 0
011100100110110111110111111000000111111011111011011001001110 1
0111100001100010101110000111011111000111011111101110001111101110000111010100011000011110 1
11101110110100100000110101010011111 0
00010011101110000011000001110111001000 1
011000111111011101111010000111101111101001010110011010100101111101111000010111101110111111000110 1
111110011110101010100101000 0
00001111010001000101111011111101011111010001100001110010100000101110011110010110 0
110100010111110001100101000110100101110111010001110111000110111101001010011100 0
11000110000101000100011010010000011010011100010101110010111001110101111000101100011010 0
000101011110011111101101100010010001101101111110011110101000 1
0000010000110001011001010110101 0
01100000001100101001111110110111000110111011110011111001101000101011001001101 0
000110001010111110011011010111101110010 0
0011010110010101111101110011111000010100101001101100100001110101001011100000001 0
0110010000100110 1
1010000010100011010111101000001000110010001111000100110001000001011110101100010100000101 1
00110100011001110001100011010011000000111011000100100011011100000011001011000110001110011000101100 1
011100001110 1
110110101110011110011000010101011111011110 0
010110001001010001110000010001110010000110110 0
0110001110001101101101111000010110001010011001110 0
100101100000100110111110101110010100100001101111010001111111001 0
00011000001000101001101111010101000011101010100101010111000010101011110110010100010000011000 1
0011000001100101001110100001010000101000010111001010011000001100 1
0110001111011101001111 0
110101110001011011110110100011101011 1
011010111010001000100111001100011000010111001000100101011111 0
00110001011010001100 1
1011101011100110001100111011110 0
10111010000001011110101000010101111010000001011101 1
0100011111010000011110001110011 0
1111011010110101101111 1
10111100010110001101001001111100001001101010010010011101100000110010 0
1000010001011010000000 0
011001101111000110100011011011001110001111010010100000010010001111010100011000100101000000110011001 0
00001010001000001011111111111111010000010001010000 1
1000110010000010000011100100001011111101000010011100000100000100110001 1
1010011001100010001000001000001001011 0
10110011111101011 0
100110011001 1
010010111101001010110010001 0
0101111000000010110001001010111101001001100011001100011001001011110101001000110100000001111010 1
101001000010100110001100110100101000110101000101010001 0
0010101111100100111001000011111100001111 0
01110100101110 1
0001010110111000 0
11001010001000010011000001110 0
10101010101111110101010101 1
01010000010100111111001111101110000111011000111100011011100001110111110011111100101000001010 1
1111010100011001110111001101111111000001100000011000001111111011001110111001100010101111 1
01011101111110111111111101111110111010 1
001100000000001100 1
00111110100110001101001011100111011100111011100111010010110001100101111100 1
101001100110100010001101000000110000101010110100001000011100100111010010110011100000101011111010 0
11000111010110110001001011001111110000110010001010111110110010100111101111011100010111011011101 0
11 1
001 0
01101100111011110010100010111011 0
011110011101011111101110001110011100011101111110101110011110 1
00100111011100000110100110000001110000100111000101000111011011111011111101110 0
01100111010011101010110110100101101101010111001011100110 1
101010000100110001110010101000000101010011100011001000010101 1
01001001000100111000011100100010010010 1
0110000100110010000110 1
1010000101010 0
101101010101110011001000101101101101000100110011101010101101 1
011110001100001011010101111001010000111110011111000010100111101010110100001100011110 1
011100100011101001110011011111011111111111111110111110110011100101110001001110 1
010000111000010101101100111011100 0
10110001101011000100011011100101101011100111001010011000101010000111101011010010101110101 0
10111000100000000010101010100101011111111010100101010101000000000100011101 1
00011111110101001101110111000011101110110010101111111000 1
1011010101110110010110001100000101111110 0
110000011101001001001100100100101110000011 1
10011001000100010010110011011110010100111110001000 0
01010111000111000011100011101010 1
000100011000101011001101101001010101100100010001111101111111100010011001110110010110101000010110 0
1 0
0000 1
00011001000110101001110111111101010001011001000010011010001010111111101110010101100010011000 1
0100100001000010100001110111 0
1100100100101010100001001110111111000100011001001110101110010001010110011100 0
11001111000001000100001001111000011101110010110000011100010101100011 0
1010110000000101111010000000110101 1
010001111111110000011111001001111001111 0
011000001100010001101100011000101001110011101101111000001011011100111110101000111001101 0
001100000101000011001010010100110000101000001100 1
000011110000 1
0001010011111001111001101100101100001111101001000000011000001 0
00001100111101011100111010111100110000 1
1111 1
001110101101100010010001101101011100 1
1110000101110 0
10111101000010010101010101000110001111000000000111010001100111110001000001011011100100000110 0
0111010010001101000100101101 0
100111111100110011001111111001 1
11100011100110110110011111110110001000010001101111111001101101100111000111 1
100011111011000110011 0
001111100100100011010000110111010101001100011111000011011010000100101110000110110110011 0
111100110111101000110100000010101001001100100101010000001011000101111011001111 1
0101101011001001111111011010000000100011001011101001101110011011010 0
10100001101101010101011001010011010111001000101111110011011001110 0
1101011001101011 1
10001011110111001110011000100010011001000100011001110011101111010001 1
001101101110010010011101101100 1
0101001111010000001110101100010100110001101001001100100001100100100111111101010011000110010011011 0
01110100110010011001001100101110 1
0100100010000010000100001110000111000010000100000100010010 1
00000001000100110011100011010101011101001011010010111010101011000111001100100010000000 1
00 1
1000000110001110000111000110000001 1
1000111000000011011001011111101001101100000001110001 1
00101100110100100011110110100100101101101111001101001100001001101100101111000000101111010001111 0
0111000100101111100011111 0
10110110110110011000110100011001100110011100000101110111101100000101 0
0010011111011 0
111111010100001011110000011110110110111101100111011001001101100010001110000111000100110001 0
0010101100101001101110010 0
1000000001 1
000001110101101000010010000101101011100000 1
0001001000 1
01100001110011001110001111100111111000100000010011111001001111001100110110100 0
0011011111111100011001011010001110101001101111001111011001010111000101101001100011111111101100 1
0110011111101010011100011100110111010011110011001000111001111111001110011 0
110100101000001000000110010011101010110000000001101 0
00 0
01101100111001000010011110100010001000001111110001101100110 0
101110010100011001101110011101100110001010011101 1
1010101101110000101011001011110001001100011001000000010011 0
11001000000101111001101101110100 0
01000000110000111110110011001101111100001100000010 1
101110111111110001111111000010001110101110001 0
110111111110111000110011010011011110000011011011001000010001110100101101101 0
00110010110000001101001100 1
101011001001 0
010000001001100100000010 1
11100001101010110110101000100011010001000100000010100101101 0
0000110010110010100000101111101000011000110011100 0
11011100101111110110011001100100100110110010110011001001101 0
10000001001001100101011011000000011011011011011000000011011010100110010010000001 1
00001001011000101011010010 0
0100011110010111101001011110100111100010 1
00111100 1
01001101010000111010001001001110001111010001111111101101010101101101110110010001001111001010 0
11111000101000100011111101000011001001000111110111 0
101000011011001000101011111100110110000000000000011011001111110101000100110110000101 1
10100101 1
0000100001011001111101010010110100110011101110001001000000100 0
101100001111111010111100110100000011111111000000111111110000001011001111010111111100001101 1
0100001 0
001000100100101111101111100000000010110 0
0001001111010110010110000110000110100110101111001000 1
101101001110101111111101011100101101 1
10101001100100011100100100000000100100111000100110010101 1
1101111011001110110010101001010101101011111011100011101000101010 0
00111100 1
0010010111110111010101001010101110111110100100 1
010111001011001010101010111111100001010001110010111101101001010101110100110000100110011001 0
11000000010001101110001111100110111101010111000000010101001 0
0001100010011101110011000111101100011010 0
01001 0
0000 1
01100000000110 1
0001010110101100001100010111101111011110100011000011010110101000 1
0001111011011110101110110110111101001011001001001 0
0110110000011111010001010001010110010000001111100111111101011111001 0
10110001011000101111111011000111001101100110110011100011011111110100011010001101 1
0111111100010101001000010101000110110011100011001100011100110110001010100001001010100011111110 1
10110111011011101101 1
1010101010101010000000000101010010011111100100101010000000000101010101010101 1
011100011110000011010 0
11001000010110111000111100011101101000010011 1
1010100010110010100110111100001011101010111010101011110110010100011 0
110111110111101101111011111011 1
11101100110001101001100110010110001100110111 1
1100011001111001100111 0
1111 1
00101111000111111011000100010101110100010101001001110001000 0
000100000011001100110000001000 1
111110111101 0
0110 1
01011100110000111100001100111010 1
111001100100101101111011111011101001001101101000011100010100110110100101000101010111011111 0
001101111110100001111011011110110111100001011111101100 1
11111011001101000001110010011001001101010001010000101000100100101111111001100000001100000001 0
1001010001 0
0011110011010100100000 0
011001101101001100001100101101100110 1
0110 1
0011101 0
000110000011110010000000101101011100010001111000 0
1110100000111101101000011010110001110100110100 0
1011001100011110110 0
000000110101001111011001100010000001111110101000111001111101011101111110011010011111111101001100 0
11011010100101101000010000011111011000110001011000100110000000100011010000011101110001010 0
1000011010011111111111100101100001 1
1010000101 1
101011101100 0
10101001110011010110111100111101101011001110010101 1
01111100001111101110010101010011001010101001110111110000111110 1
101100100 0
111010010110010111100 0
010010110011110101010111001010001000111110 0
110011101000100110001000101001010111010110110011011010111010100101000100011001000101110011 1
011110111000000010001111000111111111111000111100010000000111011110 1
1001100011100100110101001010010110001101001001010111010100110001111011100000100011000011110 0
10110110001110010010110101001101100100100011000100100110110010101101001001110001101101 1
1100000101000011011100001010101001101111011001010101000011101100001010000011 1
0010000111100010101110001011001010010111100110110000110110011110100101001101000111010100011110000100 1
0010011000000001001110101110111001101010110001101011010001100110011100111 0
01000011011011000010 1
0101101000000101000110010110110101011 0
01100110101000010110101010100001100110000101010101101000010101100110 1
10010100110011101111011011110111001100101001 1
10101100111100110100010110011 0
0101110011001100111010 1
100100101111111101001001 1
01100100101010110111101101010100100110 1
011001111011111111010011110010111111110111100110 1
11100011111111100111111111000111 1
0000101010001010110100011010010100110011111111111100110010100101100010110101000101010000 1
000100011101101111010100010011 0
110001001101100000110110100010011110111101000111100 0
110111101111111010100111001111011100100001000010010000100001001110111100111001010111111101111011 1
0011001010110001110011100000000011111001100000011001101101100100000100101110011100101010100 0
1111111111000001001011111101001000001111111111 1
00100010001111011010011010100010110110111101110100101110111101101101000101011001011011110001000100 1
01001111111101110101111001110010001000111100010001001110011110101110111111110010 1
10101 0
1010110101 1
11010100110011100011111010001100110001011111000111001100101011 1
0111100011011110111111110111101100011110 1
000010000011010100001111110011100001110011111100001010110000010000 1
1111100000011101001011100000011111 1
10000001000111100010000001 1
10100010101000110101001011001101110010010010110011010110011110 0
1011100001000001111110000 0
011101111110001011010010000000001011010010110100000000010010110100011111101110 1
11010010000111101111000101110101011010110100110110010100110001100100011111110010101100110011001 0
00100100001110110110 0
0100001101010000001100100001010101000001000010110100001000101010101110 0
1011010000011011010010100011111111000 0
110001110011111101100 0
10111000011101 1
1111 1
00110010011111111111011000010010010111000110001001000000000101101111001000 0
11100011000101011111111111110001000010001111111111111010100011000111 1
0111101011001010110000110110000010010111101110000001101010 0
000011011010101011000001001011010101101011 0
01110010101001000001010111011011111000111010011001010000001011101 0
01000100011000000101000010 0
01110000001011101101000 0
10011101001100100001010000111000001011010011101111111001010110110 0
000111100001011010110110111000000100100000000000000000000001001000000111011011010110100001111000 1
0111101011011001001001101101011110 1
0100100010100111001110010100010010 1
00011111111001011101011001101111110110011010111010011111111000 1
011111001110111110110011110110000001101010001101010010100100100100111100010101100 0
001110010001110110011011100010011100 1
10000010100011001001100110010011000101000001 1
1110111000111110100011010111001011111101001110101100010111110001110111 1
011000101010111111010101000110 1
0000011111111110000100100101011110100111001010001011011100110101011011 0
00001110011100111001110000 1
1001100010101101010010010101111011010001101000 0
000111000101111111001100101101110 0
11100011101111101010010000101011110001010101111001110010111100011011011100000001111000001001011 0
011110010100001110111110011110010111111010011110011111011100001010011110 1
0011000010011100 0
01101100001110100 0
1101110010000110000100111011 1
0110001010111010100100111000100111111110010001110010010101110101000110 1
11010000011001100101110111100111000111100011100111101110100110011000001011 1
10110101010001001101111011 0
000011010011010010110011100110011001110011010010110010110000 1
00001111011100101011010100111011110000 1
0111010110111010101000111001010111010101011001111011000010100101010101101110 0
101100110011001100100000100000010100010011001100000100010101110001010 0
10100 0
00010100 0
1111101101011001001 0
10100010111101011000010101110111111010110001010011111011000000101111011111001011110100001110100 0
11011011 1
01000011001110010100101111101110110100111010101010101 0
1001011 0
0110 1
100001000100011110011110001000100001 1
1011111101 1
01110 0
00011011100111110110001110110011001110011011100111011001110011001101110001101111100111011000 1
110010010010010010010011 1
1101000011001111001100001011 1
10010010000110110100000 0
100111011011011110000 0
10101110000101111101011001010111101010011010111110100001110101 1
000010110010101000101001001110111101110001110100001110110011011100000101011001100000001111 0
10110010011000111100011100000000111000111100011001001101 1
0011011001110110011010000100001001100110100111000011110101001101010000000111110000010001 0
10010111101010001100101100001100011000100101000101111101111001100100100001111010010111000111110101 0
00011100100101100001100010111111011011111101000110000110100100111000 1
11101000 0
01000010 1
0011010101111110110110001010100100110101100101001010011010110010010101000110110111111010101100 1
101101101101 1
0100011101100101101110110111011010011011100010 1
001011010000011011011100000111011001101011110100000 0
111101010101111110110110100101110000100111110010100110000010001100111011110000100000110001000 0
000010011111100101100110111001011100011111010110011110101000001001101001 0
100110101010001011001101110011101100110100010101011001 1
01111001001001000010000011011011100111101 0
11101000001111 0
01010111010100000001 0
01100011011000010111011111110000011000001010111101010000011000001111111011101000011011000110 1
0010001110010001101010100011100110101010000111100000101010111010000001011100000 0
01110100010111111100110 0
01010101000111100010101010 1
00111011011100 1
001011000111011101010011001010101010010101110110100110011010 0
1000000011010100001001010011110010111111110100111100101001000010101100000001 1
101 0
10011001101000100010111110011001111101000100010110011001 1
1010110111111110010001111111101000101010110110000110011000001110100011000100001 0
01000000110010011000001100010001110 0
011100101111111100011100100111110001001110011110000011111001010100100011110000110001001011 0
010100011011010101001101011000101 0
1011101110000000000000001001100000111111110110001011001010010010110100101000 0
1001001111 0
01010011001000100101100110011110101011011 0
00101101110001000000010 0
000 0
011011001110001010110011010100011100110110 1
011101110110001010011101101111110000110110001101101100011011000011111101101110010100011011101110 1
10100100010111010111101 0
0110111000111010000000110010111111101100110011011111110100110000000101110001110110 1
1000001010010011000011000000001100001100100101000001 1
1010101001110111010110101110111001010101 1
010100010001110100101101111010110001010111011111111 0
100010110010111101000011100110110110010010011011011001110000101111010011010001 1
0111101101101111100110010000100110011111011011011110 1
010101101010 1
1101110000000 0
00011011010110011010011011100010101000101111111111110 0
001010101110011011101100110110001100000000111101110111000111001011001100011000010110011011100001 0
10001000000100111100000101010010011101011011000111111100110101100000011110100001001011 0
1001010101110110001011000001010001000011111100001000101000001101000110111010101001 1
01110010000011000010111000100011101110010101011011111000010010001011111111 0
000001000001000011101010001100101100111100110011 0
10110110011111110 0
01111110 1
010001100010 1
010011111110011100001100001110011111110010 1
1111110110001100111001001110010101011001110001011110 0
00011110110010101001010 0
01001111110000111111010111110001011111110111100100101111100111101100011111011 0
101011000100010101100000111010010011000001011101100 0
0011111011100100011000110110110001100010011101111100 1
111110110111100110101111010100111111011101111000001011011111000101010100 0
11110100101111 1
100101110010110111010100100101100111110100111010000110 0
011010011101100011100101001001010000111111111 0
011001111111001011101001100100000111100001011011110110100001111000001001100101110100111111100110 1
01110100101110 1
1010010010111010010010 0
11011011000000010101101101110100101110110110101000000011011011 1
011110010000011010011100110011100101001010010100101001110011001110010110000010011110 1
101001111100111100001100001111001111100101 1
11001101101001100110111110111001100000000110011101111101100110010110110011 1
0101100101010101010000111011111011000110110110000000010001101111111010111110111 0
10011110111101011001000010011010111101111001 1
100100011010000101001001110011001100000001111110011111100000001100110011100100101000010110001001 1
1111 1
110001111101110100011100100001110111111111100000001101111111111111101000011010010010011011010000 0
0111010111000100010110011001001110000000001101010110110 0
000011011111000000001110001010010101100101110110001000101010111101001001100100011 0
1011001101 1
1011001000110100101101111010 0
1111011001101010000010011011110010011111100010101111100111 0
1000001011011010010010111011100110011110000000100110010000000111100110011101110100100101101101000001 1
10110100011000101101 1
111111010000110110001000111000011100110100110 0
01100101011100010110000001101000111010100110 1
10010100100111010001011110101001000110001010111 0
101110001010111110000100000010110100011000101010101110100000100100010000100001101111111 0
10010010001000110001011010001100010001001001 1
00110010110010000110000101110011001100001100100100110000110011001110100001100001001101001100 1
0001111100010001110110011101000001111000001011111010101100100011111000110011 0
100100101001101111000001110100110001000000100011001011100000111101100101001001 1
1010100110111001111001111001100101111010011001111001111001110110010101 1
100101101100101101001101101001 1
00101010011111001111111001110101101010011101 0
001110101111110100000000011010111001100110111100001001100100000000111010111010011110 0
11010110100110001111100101101001100001000011101001010111100100110010100101 0
01010101011011110101111001011110110100011000010011110101010110100100000010000011100101100001 0
110000110001111011110110011011110111100011000011 1
1100010001000011100101000001100100000110011010011 0
0100000000110000111001010011011000000011001000111010000101011111100001011000 0
110010101100110111010000000101100001101000000010111011001101010011 1
10101110011011111100010 0
01111 0
00100001100001111110001110101000100000000001010110001111011100001110 0
0000110111010101101000110001010110000110101000110001011010101110110000 1
1111 1
0011010000010101101111000001000010111000000110000001110100001000001111011010100000101100 1
01010001011000011010001010 1
11111111110101010100011101001000100111001000011000010011100100010010111000101010101111111111 1
100101010010101111001000001001101101100100000100111101010010101001 1
10000001 1
00101000000011001111011011011011111001100110011111011011011011110011000000010100 1
00011011100000000111011000 1
1101011011010110101101101011 1
1011101111011101 1
101000101110011101000010010000101110011101000101 1
110011 1
00011001110000000101001110101110000010010110000 0
001011011011100100110111011000011000101000111111111111000101000110000110111011001001110110110100 1
100000101100110 0
11 1
001011111011110001010100010101 0
0011100100001000101000011111001001101110011000000110 0
000111100010011011110011111100000011110000001111110011110110010001111000 1
0001000111101011101100111010100100011100011010110011101101111001010011 0
010110011 0
00100111000011101011011000000011 0
1101100000100111011101011101000011010010111001001001110100101100001011101011101110010000011011 1
00 1
00110000000000011001000110000 0
111111000001000010011110111001100011000010111000001 0
0110001010111001110101000110 1
11001000110010111101110000110010011001110111101100111101 0
0000001000110100 0
1001101111101000110001100011 0
111000011001000100000101001010000000100001010101 0
110011110011101 0
11011011101110010111110110001111 0
00001000011110111000100100101000110110010 0
01101111001111100110 0
0000011000001101111100101111010011111011000001100000 1
0000000101101010011000001110001100011110011101101010111010010001111000010010100010010110101011011 0
010110011010 1
111110010000010100001100110001010 0
1100000000001111010001000011010110101100001000101111000000000011 1
000101100001101000 1
01101010101 0
001110000011000111000000101100111100010110110011011010001111001101000000111000110000011100 1
111101010001110110 0
00111011100101010100101010100111011100 1
01100011000011000110 1
0110 1
10111110100011001001010100001001100000110001 0
0110011000100000010111001110100000010001100110 1
11110011101111110000001111110111001111 1
01000110111010 0
110000100111101010111010111000111010000100100001001000010111000111010111010101111001000011 1
10100100110110011001101100100101 1
11000000101111111010100101011111110100000011 1
01110110000100000000100001101110 1
11111111 1
1100111100000011110011 1
100101100010100000011001100010101101000110110111101011011110001001000010100000100001100010000 0
11001101001000100110110100101 0
00011110111010010110010000110100101100001001101001011101111000 1
100000000011100001001111001010010100111100100001110000000001 1
0010001000001101110110011000101001110100011100011011110100101101000010101000000 0
10010111000011110010101000011000010101001111000011101001 1
01001101000111111011000111100011011111100010110010 1
01110011111001000111101111000000111011100101000001001010011111100011110001010110110011010010000001 0
0011011100011101 0
01001100101001101111110000101101111110110100001111110110010100110010 1
10001101011100110000001100010000110100111100101100001000110000001100111010110001 1
1001001101011010111101011101111111110011101111 0
000010001010001101000001001101101011110101101100100000101100010100010000 1
11000111011011000111110010011110101001100001101101100001101111100100000001110 0
1110110100011000110011100100011001110111000110001011 0
101101001100101101 1
01110010011001110001001100100100 0
10010100000110011110111101111001100000101001 1
00010101011000011010010100100000000001010000000101011010101 0
110110000110011000011011 1
1011000001010110100000010110101000001101 1
10011111111010110111101101011111111001 1
01010011100111010001101100101110000011100110110011001000000011001001111100000100000 0
0000011010011100101000111110100010110011110 0
111010010111 1
001010010100101100111110011111000100000101011011001001101 0
0011000001010001110111100100011000110111100000110100011111000011011111111011110000010110101000110 0
10011010110011001111111111110011001101011001 1
0100010001100111011111 0
11000000101101110101001111110010101110110100000011 1
1101100010101101001110111111110000100000010110111111100110011110101011111 0
11111 0
00000110000010110111101101000001100000 1
110110111110110000011010 0
10000110000010100101100111001101001100 0
00110001110010110001111110001011010000000101100101011100101001101010110101000111101000100110000000 0
10110 0
01001000101110101000111110010101000111010010000010011111010010101 0
1101111010010011010010100011111000 0
1010000000111000100001010110 0
11010101110010101000100000111011100 0
10011000111100100111111110100011010101100011011011000110101011000101111111100100111100011001 1
001110011100 1
00101001001010110101111101101100011011000101011000000000111101001111101100111111010101111000011 0
01001111000010000001101100101 0
10000000110100101000111100000000111100000000111100010100101100000001 1
1111100101001001100010110111110101011000000101010101011010010010010110101110001001101010101000110 0
11100110110001001 0
0011101001110100111010010000111100100110011101 0
00110100011010100000110011000101000110 0
1011000010101101000011111010010011110110111100100101111100001011010100001101 1
000000110000011001011000101011010110011001111111110 0
001111001011010111110001000 0
11110011010011001001001000010010010011001011001111 1
0111010000101110 1
001001100001100001100100 1
01100001110001110011101111010100001101000100000001111110111001011111001101101101110001 0
000011101101 0
00111000000001101011010110000000011100 1
11000011 1
011 0
0011101110110100001101110 0
010001100011110101101011110001100010 1
1111111001111111 1
0111111110100000001101111110010000100111110000001000111001101011011100010111010100101110100011 0
10010100011010101110001011001010001111001111110011110001010011010001110101011000101001 1
1000010010001110011000001111010110011010001000010011110110111110110010111110 0
01111011100101001001110000010011011111111000100111011001001000000000 0
00110101110001000111111111100111111111100010001110101100 1
010011011100000001010011101010110100100101 0
00110011011011100011000111011011001100 1
110110101000111101110100010010111100000111 0
001001011001000001011101100010010100011001100110001010010001101110100000100110100100 1
10110101001111001101101001111101001110000010000100111100110101110000111 0
011000100100001011011000111110011110001010001100110110000111100011001101100011101111100110011 0
111110100011110101011100011100111001100000110001101 0
0111111000101111010001111110 1
101110111011110111011101 1
011001100100010001001001111010001010001001011100010 0
10001101100110110001 1
01100001010100111100001011110110111101101111010000111100101010000110 1
01001000100001110111101011110011110111011 0
00111100010110011100000010110 0
100111110001111101101111100011111001 1
11101001000010100011110100111010000011010011110110011000101001011000100001101100101101110110101111 0
00 1
00 1
100100100100000110000000000011001011101011111000001001100011001111101011 0
001100011011110101000101010100001010101000101011110110001100 1
00001110100101110000 1
100000100000011011010001000100001000100010110110000001000001 1
100101110010 0
00011000 1
1101100101000011001000100000001001110111000111111001111110001110111001000000010001001100001010011011 1
11101001000 0
01001001111101001100011111111000110010111110010010 1
1000000000111000011011110111100000010111010000110000101110100000011110111101100001110000000001 1
111111000000111111 1
0000000001010000001001111000101011000111011111 0
110000010101111101111111001101100010001100001100010001101100111111101111101010000011 1
0100000111110010110011011011101110111101101101011111101011011011110111011101101100110100111110000010 1
10111000110110100100101010000110000111111001101101111011110100011011000011110000111101011110 0
10111100101100111010011001101000000100100000010110011001011100110100111101 1
01100110101000000001100010000010101101011101011001110001110000001010101011010110011011100011100 0
0 0
0111000001111111111000001110 1
11110000110111101001100101111010000100001111110101011010001000110111 0
1110001000001110001001010110110000010110101100111101101010000101111010010010001011011011110100 0
010111101100110111001100111011001101111010 1
11001010110011100011110011100001010111100101100011000110100111101010000111001111000111001101010011 1
11100010 0
1111000111001010101000010010011111111011001001111001001101111111100100100001010101001110001111 1
10011001101101111110110110011001 1
11000110110100111101000001001011111111101110110010001111010001111111011110011010101000000110 0
101000111010111101000101110011100110100101101101000110001111111001011010010011001011100110 0
01111111111110 1
0001000101001101010011000100100 0
101101 0
1110100111011000110010001110101001101111000110111111010011 0
000010001100001110011100011110001110011100001100010000 1
00000010011010100100100000100111011000100100011101110011011011000111111111101101000111111011 0
011011010001101011110000000011110011011100100111111001001110110011110000000011110101100010110110 1
101001 0
0111001010000101001110 1
0110000111101100111101101011001001010001 0
10111010011111100110001100001011110001011010001111010000110001100111111001011101 1
101101011001110011101101000101000101 0
0000101001011101 0
10 0
111000101110111010101011101110011100100010010100100011010110011101011110100110001011111 0
00100000 0
00001001011111100101100101000000011100100111101010111011011001 0
1000111000001101110000000000000000111011000001110001 1
101110000 0
10111010000111000011100001011101 1
11 1
001000000100 1
1001 1
01111101010010100100110 0
0000 1
101001001100101110101100111010011001000100011011111101011001100101000 0
00101000001011 0
11001010110100100111001001101001000111110000001111100010010110010011100100101101010011 1
001101110011110001111100000110101011000010101101010000110101011000001111100011110011101100 1
11010011111001101101011001010111111100100110111101100100111111101010011010110110011111001011 1
10111101101000011001110001100100111001000 0
0011011110110010110101110111100000011010111010 0
1111111000000110111011010110101101000010011001101100001111101100 0
101010000100111001000111111111101100001100001101111111111000100111001000010101 1
1110011101011010001010110011011010101000010010101011011100110111110000010100 0
1011101111011101 1
0110010000100110 1
1111111000011110011111100111100001111111 1
1100000110111101000000010111011011000011000001000111010110101110000000 0
1000111101110111011101001011000010111011100001101111011000011101110100001101001011101110111011110001 1
101110000111000000011000111011001001100011000100001000110001100100110111000110000000111000011101 1
0100000110111110000110000010111010110100001111111100101110000010110111 0
000001000111101011101110000101010011110 0
11101110100100000100010010010111101111010010100001010101001001 0
111001000111011100111100010000011110000010001111001110111000100111 1
0001111011001001001001001101111000 1
00010100110101011110010 0
00111110100111001111110011100101111100 1
11100110010100101001100111 1
101000011111110110101010011100100001110110100110001111 0
101111101111110010001011100111010010011010100001010110010010111001110100010011111101111101 1
1010110110111010111110001011100110100100100101000010 0
000010001000111111100001111111000100010000 1
0100110110010010001101 0
0000010111100110100110010110011110100000 1
000001011101101000000111001100011101011000010001111100110011101001010110010111 0
1010110011010010011110001001001110001011010000010111101111010111000110010100000011100011010011 0
000011001111010001101000111000100111111011110011110111111001000111000101100010111100110000 1
001010101010011001011101000010000101110011011110111010111111001110001101100111000001 0
00001100111100101110100111011110000100011111110000001111111000100001111011100101110100111100110000 1
1010111111110110100000001011001101000000010110111111110101 1
11101100011001011010011100011101010000011000110111101010101000100000001 0
01011000111001000111010011000011000101011010100011000011001011100010011100011010 1
0001011101010011001011000001111000100110010001111000001101001100101011101000 1
1110100010111111011100110000100100100011010101100011101 0
00001110000101111011111101111011010011011000011000001000100 0
000110011001011100100001100011111001001001000010100000001101100011110100101101000001 0
10100011011111111110110100011111011011111000101101111111111011000101 1
1100001100010010111100001010110100110111110111011110100011 0
001101000001000110101100001101100011110001101100001101011000100000101100 1
010101111110110010111010111110001011110 0
0000 0
1010100111101001101001101110110001011100 0
0001101000010101110011101011010101010111111111001010111101010001011110000011101010 0
10101100110101 1
00000000 1
111111010101010001011010010101000000100011010010110001000000101010010110100010101010111111 1
000111 0
01011101011011101 0
111111 1
101110111101001101001110101011010101101 0
0010000100101000011000011001011111111001111111101001100001100001010010000100 1
1110000111 1
110100011110100100001100100100000111111010000001100000000101 0
1001001001 1
1111100010001 0
010101111000100000011100010100011100101001100100000100000100 0
00110111011110110100010100 0
100011010111000010101100000110000010000110000000011000010000011000001101010000111010110001 1
01001001001011011010101000010000100110 0
001100 1
00000000101001011111111101001000010010111111111010010100000000 1
11010100010100010011110111100011 0
001011101101100010100100000000001001010001101101110100 1
101101101100100110110010100011111001001010000101010010000010001011001111101000011111000011 0
00000010100010010111011011110111100110000111010111110101101110100101 0
0010100110010 0
011001100110100011001010001011111101001000011011110110000100101111110100010100110001011001100110 1
1001100001111000011001 1
0010010100110011100111010001001000010111000111010011101001110101101001010001000001011000010010110 0
10000010000010001101101001101001100100 0
11010011010110100110000111001010110 0
001000100010001010110011010101101100110100001011001101101010110011010100010001000100 1
100011100011011111000000001101101 0
0001111001110110000001001000000100100000101110110011000000111111101011110 0
10111010000001001100010101111000011001100010101101000111100001111011101111000100111111111001111111 0
000001110010010000000101100110101111010001001010011100000111011100111101011111110101000001011001 0
000001111000000101101101110000110000100111011010000011010 0
110000011000101011111111110101000110000011 1
1101100100 0
011110100101100111000010110011010000111001101001011110 1
1101011110001010111010010110110111001100010111011001101110100011001110110110100101110101000111101011 1
0011100101100000000111111000001000101001100101111010011001010001000001111110000000011010011100 1
100110111101101100011011010101101000011100100001 0
11111011111000101101011100011001111011111111011100111011111111011110011000111010110100011111011111 1
11 0
11011000001110001100001000010000110001110000011011 1
10100011111011011111111011011111000101 1
01101010110111101101010110 1
010001111000101101010011101111111110010001001100 0
01110011000111011010100100011000100101011011100011001110 1
000011001010000001111011010101011011101000101110011101000101110110101010110111100000010100110000 1
1000111111001101110 0
1111 0
00011110001000110100011101110011100011010000100111100100001011000111001110111000101100010001111000 1
0010001001110100111010000111111101100001011000000111001100111101100111110010101110 0
00111 0
01110011101110110001111010000100111000101100110100011100100001011110001101110111001110 1
110011001101100000101101111000100 0
0011111100 1
1001001111111101010011100001011000010010110101001010110100100001101000011100101011111111001001 1
0100001111111010100011011100000111111 0
11011100101011101011011101101011011000000001100110000000011011010110111011010111010100111011 1
00111000010001010101111001101111011011110110011110101010001000011100 1
0101001001111001110100101110101010111011110100000110100111001011010010001111110101100000100101 0
101000001010010011001000001100111110011111001100000100110010010100000101 1
0101000010010111010010110010110101101000110001001101111000001 0
101111100000011010101101101101101101010110000001111101 1
1001010011000111101110111011111010000000111111100101001110010011001011 0
1100011010011100111 0
00010011110110110011100010110101111111001111111100 0
10101011011001001010101110 0
1001111010101100101011100010110011000000001100110100011101010011010101111001 1
11111111100101011000010000000000001000011010100111111111 1
10111111011111110100000000101111111011111101 1
01011100101101111100100011010101000010101011000100111110110100111010 1
111111 1
1110101111000100000101001100110110110110110110110011001010000010001111010111 1
0111111101110110010101100101110001010001010111 0
111001011000101011011111001001110011100100111110110101000110100111 1
00010101100100010101011001010000011101000000100100000010111000001010011010101000100110101000 1
10110011010111110110 0
0100011100010111100000011101011100100001110 0
1111011001111110011111000110 0
01100001111110111011111001 0
0010011111001100010110110110111000000110000001110110110110100011001111100100 1
010100110110000100011 0
001110010000110100110011000111101000001111010011100011000001001101000101 0
0001011011011001111001101101101000 1
101101110011101101 1
0010100011110100101010011000000001100101010010111100010100 1
0000101111010110000101001 0
0011110001000000001101001111001011000000001000111100 1
11010000010011110100000110000100111000111111010110110111111010101111 0
011111010100000000011000010010010010000110000000001010111110 1
11001111010101111010100001010101110011001101011000010100111111111111011010000101100010 0
010000110100110100011000010100001100010001010100001000100001101010000111001100 0
110011011100010110110 0
0010101101111001001101101000110001011011001001111011010100 1
00110101010011011010010111011001110101100001111000011110000110101110011011101001011011001010101100 1
1000010010000100100001 1
110111100101100111010100010111000111010001100010111000111010001010111001101001111011 1
0010010101001110111000000111111110110000010000100000110111111110000001110111001010100100 1
11001101111011011110110011 1
0110111000001001110100101100011110111110110110000000000110110111110111100011010010111001000001110110 1
1000111010100011110110011010011001100101100110111100010101110001 1
00000110011010111101011001100000 1
1100000011 1
11111000101000111001111000100110011100101111011110100001010100011110001101111111110000000 0
01010001010010000111100001001010001010 1
00001101000111100010110000 1
010110000110101010101101100000001 0
11000110110100100111010111101101000101100011110011100110000101111100 0
10111111110010010100000101100111111110001100011011001000011100001 0
01101001 0
1100000011 1
11100000000111 1
