0001010100010100110001010011001000 1
000111101110110000001000110110100111010111011010111000011010111111001011010000001110001111010011000 1
10000011111011101011000101110011110110101100000111001001100111001001001110010011011101011000010 0
1110101010011101010000010100000100001000101101110011100101001001100001000011 1
000000111111111111001100111000101101111000111001001001 0
011110100100101110110111011011010011110010100100100111101000100100100111110100100111111111000 1
10101101111100000100111001111010010001100011111001010001001010110000110010 0
00001101001001100000011100111011000100111000000001010 1
111001110011010111001010011101 1
011101110101110000101101110101000101110111010110 1
1101111101001100110000010001011111110001011111110100010 0
011111110011101110111000001110110100000110100111010100000001111000100010100010010000100011010010001 0
000011011000100 1
00001111110000100110100010011010011100100100111001100011100010101 0
0010111100111010000000011000011010010000110011110001100110111001101010110100101110001110101010 1
110110000000011011111010010101111001100011111000001001101101100 0
110101001 1
0011100010011111010111010101111000101010110111110001111101010010010101 0
1100101001100001111000011110110111010000101010001 1
1010100101001100111111110 0
101010001111001011111101001000000111100100110011100100110100000101010 0
11111111000 0
0110100010101110001001100001100111010011000100001110010101000000100100111000010010101010100010 1
10110001011111111111000 0
101100011111000111 1
1000011 1
0001100100010000111001101101 0
0000100111001110101010111111101100000011101100010100011101011011010111100100 1
0111001 0
11010011000110011110101000100001111111111 1
1001110101011000110000101010011110100011000100011101001011001111111110111100100001010100110011001111 1
11011111011100000010100101100000010011111000100110010001110 0
00101110011010011101110001111010111111101111101101101011110011000110100011010100001011001110111 0
11000101010111010001000001001010100000000100010011101101111100 0
00011111001000011111010010011011000100000100111111110100000100101100110001 0
1001101000000101001111000001111010111110111110111100101001001001010110001010100100011011 1
00111010001100011010010000101111 0
11101010101111001011100001 1
011101111 0
010100110000001100111010000011010011000010010110111011010011111011011101011011111 0
1111001010100010100101010010111100010011000010101001100011110111000001000101000011101 1
0111000101001010110010 1
11001001100101010110001110110000000011010111011001011011001110000010000001011101001 1
0001000010100011001101010001101001110100100000 1
0000110001010010010100100110011000101001010100111000100001 0
010000000101011110 1
000100111011 0
001101001111110001000110100100010011111010111010001110001111000011110110110001001011110001001110000 1
001100111001101110101011000000110100111001100101101000110011100 1
10111100010100000010100011100100000010101001100000000000110001110111000011001010001100101000000110 0
11111010111111000110001011011100101011001110100100101001100011010110 0
00010001001010010100110001011100101100101001111111011111001001101 0
111011100111100010111100000101011011011001110000101100001111011011000001000000000111010 0
11101110110111110110011101110111011111010111000001 1
00001000101110010100101101011010000000100010100011100110001010110100100011100010110000111010111100 1
11001110101010110111010010000100000001100100100011011101011001011100011001100101101010001 1
01001101100111 0
0011100111100101111001 0
10111100111100011010001000101100 0
1011111111110010000000100010111100111111000001000000010 0
1011100100001101111001010111100010111101000000100001101001100100011100000100110000000111011 1
100101001011101010001101100101001110100100110010000100110101000001111100110110100010001011001010 0
01101001100101110 1
0100111110010101001 0
0110111100000111000110100010 1
1111111110111 1
011000011100100011100000111110101010101101100001110000010000001011 0
1111110011110000110000100101010011011001000100111110100100111 1
0000101011101010110100010001101110111010100101100110101101110101100 1
100000000100111000001101000010110101111111000010100000011010101110000101010101011001011100101010 0
00110111 0
00011100011101110001100110110101011111111010010010001101000100101010110001101010 1
0101000011011010000010101010101111100011101100100110011010101110011010100110000 1
11110100100011111111010111101100011000001001011000110100001100001 1
011001110100100110110110110101001 0
0001110101101000001110110010100010111001110100101011101011101001111011110110100111111101110110 1
10100011110100111101001100110111101100100000101000101011101001 1
110101010110110001111010001110001010010001001111101001100000111001010001000011010 0
101110110111111100110010 0
010110110100111001110011001100100011111011011010100111000111110101101110011110010000011100 1
001101010100101110000110000101100111101011100010111111111100010111001 0
00110000000111111 0
101111101110100001011010000111100101111010110001100111100100010011111010110101010 0
0100100011111000011111010000110101001111100010010101100111100000101110100100 1
01011010001000000 1
11111010100011001001 1
0111111101010101010100111 0
0011011111010101000100001010100110 1
11100111111011101110101101110111100101110010001111100001011100110110001100010111010110 0
01000110 1
010111000101 0
10001000110111011011001 1
0100100010000111000010101 0
01101100101110000001111 0
111000011101110 0
1010101001 1
00000100110101011110100001010101 0
0011101100111010101000011010011101001001101000000011011101111000110100011110010110111011001 0
010101100101000111110110011110110111011000001001100110100111100111110100000011101001110010010001 0
100100000000010101101100110010011101011010000101001010010110 0
0011001100011001011000011111111110111001101101001100011011100101 0
11010100 0
11010010101 1
110010011110101100110010101010110001111101101011000111010110000110100011100010110000000001100011 1
1011111110101110011010101110100110000001000000111000011110000001100001000010010110110001110000 0
11101011110101011000001011000110 0
0111001001100100111010010011110100100100111010001 0
100101100101001001010111101101001100001001111010110011010100000101011101001110010000001111011011 1
110010010011010000001010111111011011010000001101000010101100010010100001 1
1111101011000010000011000100110111111010100110100101010100110110001101111 1
011111110110011110100110010000111111111101000100100111110110100001 0
0001000000100010110000111101110011010110011101100100010000110011000101101111100011010001111 0
101000100000001111110011111011110100100111101101000101101010000100100001011111100101011011110111 1
100000100000110001 1
100001111011 1
10000000001100101010111100001010000100000100100101001111000011100100111010100011100101111101100001 1
10101100101 1
00010100110010001110000000111110111011100110010110010010101111101011110100011111100011010011100 1
1010011000111111110000010111011100010101011101000101011100010010010001011001000001110 0
00011 0
001100000000010010110011000100001011010010010110111101101111101110101 0
00000001111000001010100111011111010 1
1001110011010111111001000110111000110110000100011101111101010 0
101110000110101110000111001010111011000101100110111011010101 1
000001010000011101000111100011100001111011111111111001000011001000100101 0
0110001101011011000100101101101010100110111111000100001000001001110011001 0
1000000001011001100000001110111101000010101011011011011011000101110101011110110111011 1
101001000010110111110000101011011110011100110000001111010011011010010101 1
11000000011101000000000000001101010010011111 1
1011100010110001111 1
1001110100110111111101010010101010111100111001110011010111000110010001001011010101101 1
011011010000 1
10111101101010 0
10000000111011010101000001101011011011100110110101010110100010000010011001101001000110001111011111 1
00110100001110000101100110010111011000010100011110111100110101000 1
11100100000110110010101000000001 1
100111001000011011110110111 1
01001111010011 0
111000101011000000000101111000100111011110010 0
00101011001000010010110110011110001001100111101001 0
1100101100100000100100100100111101100110001011001111100001010100 0
11101 1
0101010111110100001011100000 1
0010110110010100000000101111101100011000100101100011111101011001111 0
0011111100011011111000001010000111100010111011010101000110110011100110001110101011100100110101 0
111010101011001111011010011000011100001110101000111110011 1
0001000011010011100000110110100110011101010000001100110 1
01011001101010101010110011000011001 0
00010111111010001110110 1
11100010111010000100001010001010011011111011000101010011100001100100111000010010010011111 1
11110001100110011110000010110100101100 0
1110001101011111000001100000110100001000010 0
00110001001000001110111100000001011010101011101000111101110101001 0
00100010001101000010010111110100101101111010111110101100010111011 0
01001101101010101001001100010010111111011111000101110 1
1100010101000000101010110000101110110010011001111111 1
1011100100110111101011100001100000111001 1
100111011000011111001111000110101100010000001100101000000101111011110100101000 0
110100100000110100010010 0
010011000101001110001101110 1
000001011100100010011010010011110011001010100110011010110000010110111101111000010100110011100110010 1
111111100010111011100110001110011010111101 1
011111010101001100110011 0
101110111011101111110110011011011110100000010111101001100001100010010101011010100101010001100 0
111010010100111011101000011101010110100101000010111110101100111010011011000000 0
000000111010110111100011000101100010100011010010111100000101000111011000000101100010100 1
00110111111100111000111001010100101000111011011111011001011111100011100 1
0111100000001111010110111110111010111010000000111011010110001101110010001101010101000001001110110 1
001011111001101101110111101100101011111110010000110000000011011100000 1
0101101 0
01101111000100100000101000001011000101001 0
0101010101001111010101000011000101111101110100110000101000111011011010010000 1
1000101010110110110111100111001100001111010000010 0
100101000110101 1
01001110110100101101010101110100101001000110 1
00001111111110011011011011111101000001000001 0
1011011 1
01110001101101110110100111111100111 0
101101001100000100111100001011010100011001110101110 0
0111000010011110011010101110111011011100101010100111101110000001101100100 1
1000100111011001101011 1
1001010100010000011110111001000110110001011101110010010010000001 1
1001000010111100100110111001 1
000010 1
100001010010010111110100111101011011011010 0
101101010001000100000011011000111101110011010111101100111001010001100000100000001001 1
0111111111001011 0
0110010000010000010011101010100100000011100010110 1
01111101011111110000001010001110111100 1
010000100 1
1111111001101100011110101 1
1010010000000110010011111000001011101101000 0
00011001101111001110100010010101 0
101110111010110001110100101011010000110 0
10011100110111111010011111101011101110111011100000111100110111010011110011000110101101111001 1
00110100011 0
001010001111001101110001110000100000 1
001111011000100001110110010101110011110011101001 0
11010001100111010101111110111110111101101110101 1
11101000001100100011001010001011001100000111001101000000000111001001011 1
011101010010000011110101010011100000101000 1
000001110011100001100110110011111 0
1101101100101100010010111110011100010000011000 0
1100110001011011111101101001 1
1110110001101011010011110001111001011001000101110010000110101010110011011110101001011 1
1001111110001011000100001000100011 1
0111111110111110110011001111110011111100001111011010001101100001101101111000010101100011 0
1001011101010011000011000000000001001001001110 0
1111010100011000000001001100110100000001100101100110011111011001110001101100100001111111111101011100 0
10110010001011000110101001 1
1101011110011111010000100100111110010001000001000010001 1
1000010111000011101111101111010110100110010011000101001000010101101001111100110010000101011111110 0
1011111000101111010011100001110100111100111110010010011110111101001011001111100010000010111110101 1
00110110110110111110000001001001000110101101111 0
1011010011100000010101011110001 1
001110010110000110 1
010011110011101011110111110110111110100101000010011101011010011001011001110001010110010101010 1
1110111101110100101101000111011011111111000000000110011001 1
10011000100011001000000011111 1
00001000101000111100111001110110011011101100000001011000000011010 1
0110110100101010011011111010000001111 0
1000000110011101000111100 0
1100 0
0100001010000001100011101101000000001110010011101110110100101100010100101000101001111111101 0
000100111111011 0
101101010000101100110111000111011011100100011100 0
11000111110001 1
1111011001110 0
000010011100100000000110101111101100000110011000000110110111000101100110011000 1
1010010001101111000111110001010000110110011111101110100011011000110001110011 1
001011001100110001010 1
01011000010001011101111101100 1
11101110011001101001001010001010110001110000000010001101010011001100100 0
10100100010111110110000110110100000101010001111100101 1
000000001111110011101110111010101001100001010101111110101101001010100010000010000110001110 1
011010010011101010110110001000011010001001111101100101111100011110110100 1
1101111000110001110100011010001101011101110100110011111001011100101110 0
10001011101100111110100010100010111101101100100000100001110000001000001011001101010011000111 1
00111011101110111011111010011110010001100100011011101111111001100110101111001 0
00101111101101101010100101100 1
1011111110101111000101001000101000111001101110001010010000000011110001101101010101011100110100100 0
1101111110110010111101010100100111001000100110000011101011001010111010000100111 1
01110110011010111111111011001001100011111111110010111011011101101000000010011 0
1100100110000111101001001011100101001010110010111000001111001110 0
101100101000011010111010000101101100000100110011110100100010011011110101000010 0
101100010110000001110010111001101001000010100111100010111 1
01001 0
10010101001010111001000110000011011011011000000011001 1
100000010000011011111 1
1110011111111100110101101001101110101001010101111101111001101011110011011011101100 0
011110101010010110111101011010001 0
1011101011111110111001101101011101011010100100000111111111111110000110101100011 1
1010110010010111 1
010000110000111001111101110100010111001010000100110000100010000000100110111101111110110110111 0
0101111011001111110010101000011101000111000110011000000110111011000001110111110100111101111 0
111001101001001010011100100001010011001110101100100101010110101 1
11001101011 1
11001100011110100101110001000111000010000110011101100001111001010111111111001 1
10010000110001000100111101000110111100001001100110111000110101010 0
1100110011011010111110101010101111010101101010110011100 0
0011000011101000111110101111000011111001000101011011011001000111 0
10110101110101111110001000001010000010001010111100111100 0
10010001011110101010010111110001101001010001111100011000111101110010111000011001110110 0
111101001 1
10101000101 1
101010001001101011000100100001 1
00110100011000111000001000011010100000100100001111010 1
11011110001010100010110000011100011110000001110001001100000110010000011000000101000110011011111010 0
1010001100011 1
11000011100111011000010010011110000011100111000110001100010111110 0
1110111001110011000110001 1
1001111100000101 1
1111011011100001111011100010001100111000001110001100101000001100011001110101111001110 0
000101100001001101011001100000001000100111110000011001 0
01011100101101000101111011010000101110001101111111010000110001110001000010011 0
0110110111000100100101000111010001001100111110010111101010 1
010000010010100100000100001001110010110110110100111 0
110010110111001100001111110101101110110110000111101110101 1
0001001011010011110000000000011101001110011001 0
0011101110100101010101111010001101110111100100011000100001100110111100001110 1
001001100011111101001111100011001101010011000010001001100111110111010000000000 1
000100101100110010100 1
10001101100101010000011 1
00000010001011010000010011111011101100101101011 0
0111010100001011111100010000001011110000011101011001101100000110010100110110110100100001011101 0
010110101101011010100000011001111000101111001000001111010011010111011010101000 1
1110110011100010101010101001010000011001000111011111010110011111100011110100 0
1100010010001010010110011010001 1
101001001110000111011010000010110101010000111110111100100101110000100 0
01101011110000001 0
1011111001010000011001110100001001010111001101101000001111110 0
0110000101011101010000100110010011001000100111010000010111101101010001 0
1101100100101101001010000100101101001001010001011101010111110101101000100000011 1
1111110001100001000110001011111010111101101111110010000111011010 0
000000001101001000110011010000101011110000101111000011010010000100111110101101011000 1
1010001110001011100011011000011111110010111011001011101101100011110 0
1101 1
0100110001001110011101011110110100011000011100100111011111100011101110100000110001000100010111011 0
011101010011101100110011011101011011010111100110011100001110010010010100011110101100 1
10101011001 1
01100111010011100100001101001101001111011010100010000110001011100100110101001011000110 1
1000010100111100010001001100101000100000010000110010111001111011111 1
101100110011000000000110110000111110111110000010 0
00011101000011111110110110000001100000000111 0
100100101000110010000011011001111101110111101100101101011100000000011100101011010100100101100110 0
1111001011010111100011110000001010111111011001111000111111110110110000101 1
0110110101010100110111001110010011101000010001111001000101100 1
11100011101110110000111111101111001001000101 1
0111101000010101000000000000000110011000101010111001111110101101110000001001101011 0
110101000110101000010001111011001010011010110 0
1000111000110111011100011000111000111110 0
1010011110110011110111100010011000010000 0
00111001011110101000000010011010000001 0
111011111010001110000001100111001100111101010 0
110010000001110001111000010100000000001111000111110110101111011110110101100010 0
00101101001010110001011110011111100110101011000100001000 1
11100011101 1
11101110111110010101111010100000011000 0
10001111011000011111111011100111110110000 0
00011101001011101000100010111000000101001001011001110 1
011010100100100011101010010000001011100101000100010101010100111111100100 1
10000000100110010000100000110110000010101111111010001100111001011000001100 0
11011010100110000010001101011100101100000000 0
00001100101011101010001001010001000110111101 0
100000001101100000000110001011111111000011100100011000000010110011010100101100110110011110101110 0
000011000111001101111000000100000101001101110100100010110 1
1101000011000010110010101001011011011000011111011011010100000111110111010011110101110001000001011000 0
100001010000111110101111110010111 1
1010100110000000100100101110110001000111100111001111011110010110101011110 0
0010001001110001101 0
11111001000110111100110011010010001110110011010001 1
10011100101011001101110010000100100001010001100101000011011000111010110010001 1
00100010001101001101110000001010110 1
0011101010011100000001110110000011100101010101100110 1
01011000101001011000001010100101111100111101000001111101011111110100011 0
10111001001101100100101110111011100000110111101001 1
01101100001001101001011010100110110 1
1000110101000011110001001110001000010011001001011001100111100111 1
11100001100011010011010011000010001110101101000101010001011010101111111100100001010100001111011 1
00010101011001010011000101111100010111101011 0
1111001011000110111001110011011010100101010111110000111111101110001111101100101011111010010100111110 0
01011010100100110101010001000110010 1
0101100111000101101111101101001000110100110000111100000001001110101000100110101 0
0110011000100110000110001001011000000001100000100010011100101100111000000100100111101101110010101 0
0110111110111000111000010101101010001100110111101010111000100011100000 1
100111010000101011111101010011000 0
110000011010010101000100100011101111001 1
01100101001001000000110100011111001011110000101001101100011000101 0
010100 1
0101001000101011010110011000000001100101100111100111000001000010101011110111010101010000011 0
0100111110011001010010010000101010010000001110010100110111100100011 0
101101001011111011101100100001011111111000110 0
1001101001100100011001010010010010010010111100 0
0100100110010011111010111010110011000000001001011100001000100 1
01100000110000011001101001000100010101010001111111011000011010010111101 0
0011101100011100010000100010100110001011010110100011100011 0
1000011001110011011011011010010101011100100110110011010111011 1
1101010111000010001111100101010010011000001000101010001010000001110000010010001000000 0
1100101 1
1110111110001000 0
110101000111111000111011 1
010000000100110011000100110110 1
000100111101111111111001101 0
101001110011001100010001010001101101001000110100110110101010010100111100010010111 1
1011011001010100011110001000101010100101110010000101011100101111010111100001001000100000110000000010 0
1000011001000111100010010101000111011100111010101010111110111111011101111100101 1
1101101111000000110011110111110000000011000101100110110111111010100111000110111111000 0
1001100100001110100100111101101 1
01111101000001011010000110000110100001010001101010111011000101011100010011000011101101011 0
101000001101101001110010100111010000001110100000010000100100011111101111 1
0100101001010100011101000011001111011101101011001011 0
101000111000000100110000 0
11001011100001110111101110011101011000011000101000100110 0
100001111111000110111011100100 0
100000101 1
0111100001100010001101111100111010001100100001101 0
111110100011101111001101110001010011001010000110001010 0
100000111001100111000010010011101111100101110001011 1
1011110010110111000101111011001101011101101010 0
11100000110111110010100111101111000000 0
0001100111101011000010101 0
011011111001001101010110101000101101010110000100001111101010000001011010110111101011001100100 1
10010110101100011011110000110001010011000101110011010011000011001110011001010111100 0
10100000111111010010010000100110000 0
1111000101111010011110000001011011100010010111000100000100010100011011110101011111 1
10011110000000101011 1
101111110001101110 0
010100111011110100011100100100 1
00111101111011100100010101001111111101111000010010111001010011011101000 1
1100000001000101000110001000000 0
10111011010010011111001 1
0110111001100001011000011011111100011100011110011111 0
000111000000101011101110101010 1
01111101111010101000 1
111000001110011000001 1
001001010001010101001010101110001010 1
11000001101110010001011010011110000001100110010010001101100100111001011001010010111111110 0
1010100101100011 1
1111011011011011010001100011110100000001111110101011100011001000 0
10101111000101111 1
000100000100111111000111100011011100100010001011001001110111101010110001110100010111010110 1
1101110000101100101100100110110100100100001000010100110001010 0
0011000011010101010100111110100000110110101000110010101000000100011101001001100100 1
000110001111101001101110111100110111000001 0
101010111011001000100111100110111001000001011101110001001101000110000 0
0100001110000110100110110111000111100011001000 1
011000101 0
0100110010001010010111011101010010111011111001000010000110011010100 1
000100 1
111001100111111001100111001100100011000110001111100101110000011001001011010001001 1
1111100000011110111100101100110110110111110011011000110101101100110110001101011011011001011101101 1
011110010010110011011010000111001001000111110001 0
1000010110101100010110101100001000100111010000001011101011110000011101100011001001101010011111011010 0
001001111110001000000001011010111011011111000111100011010011100111 0
100000110111110 0
000010111110110100000011100011101101011000000111100001011100110101010111 0
010101111111111010100110101100011000110000110011101000010 1
100111001100011111010001000111000111110111010110100000100111001000111011010010001011 1
110101010010110001001111110111111100111110110001100000011000 0
1011101110111010000001000011100000010110001010010100110000101011000110001110100000100011010 0
1110010000110000111010110111101100101001111001000111 1
000111011111001011011 0
10011001011100000101000100010010001000100010010111 1
0011100111000100110110010110011000100000010010100011100110101001001001101001000000011 0
001000101101100000010110010110011100100100010011001110111001100001000110010100011111 0
100011101001100000110100010010100110010010101111111011110100001101110101010110001111100100000111 1
00010011010010001111101101010100010010110000010101010111 0
01111010100110111000101110011000100110001000010 1
01111100000100110100000011000100111001 0
11111001000101001011000111000100 0
10001110001010000000111110010011100100011010001111100011000101111101011010 0
1100001000101010010111000101011001111 1
101001001000101011110111101100001100011010001011000000111101010010011110011000101001 1
01101111111000001111001000111101010001010110001111001011001111110111011110100010000001101100001 0
101111100000101111110111100001010110011111001000101110111010110011011 1
1011110001111011010110000100000101011111110010100001000101001101110010 0
0000110001110110001010011010001000011111101111 0
1111110111100111000001001100000001000111001000110101110101111100001001100111011100 0
0100001010000000011000010001100111000111101110111010111010011011 0
00001010000100100001011111010010110110000 1
1001110001101110010010010010100010101000101101101101100011010001010111111101000 0
101 1
0000001000111110011011111001000011100100101111100001000001100011111 0
00110001000000001001110101101010101001010000111100100010100010110111010110101101011 0
00111111011101001011101111111000 1
00110101011000011100000001110001010011110110100111010100101101110110000101011111000 1
0011001000110000010101111000111010010010011000000101010101 0
0110101010 1
01110 1
01011001111101000001101101110100101010001000011011001111101100001110011011011111001 0
100101001101000011111010111010010101000100101101111010000110111 1
0111111011111000011011110001110011111010110000101100001000010010111000011011101101101011000 1
0100101011110110100101011010000010101000010111 0
000100010000111100001111000100110001101001111 0
0011100010110110011111111101000000000110101001000 1
1011010111100111010111101110101111101001001001111110000111001000110011110001111000001000100 0
0000010100 1
00110011100100 1
000011111001001001000011011011000111000110011111 0
10000100010100010010101100101110101110011011100001110000110001001110111110100111000101001001100001 1
11101010001100111100011101101100111111000001000001000001010110111001110000100 0
101100001001101100010011111111111001111000010010011000010110110011011101011010100 0
0010 1
110010011111010000101111011011100100110100111011110 0
10001010011010010010110100010101010000011011111010111001100111001011001 1
0000001001100000110110010110111010111 0
100100111010100111101000100100101001110111000001000010110001000100001001000111100011 1
10010000100100001010001110110100000110011010111110001001000001110011100110100010110011010101 1
01110111010101010010001111000001111110101110010010110010001010110011000 1
1010100010100000001010011 1
1101110010001110100110100000100001101000111111110110111000001011110010001011100011100 0
001010111010001100000101011100010000110100011 0
00100101010111001101110010001000101010110110111001100 1
010101100100111010101000000100110100011010000011001101111111010010011011001010001010110100 1
111010101011000001100100010010110 0
111111111001110001000110110100000010110110010000011111111101000101101010111111 1
110110110100101110101 1
0010111111011000000010000011001101001100111101111001101001 0
11000001110010101001001110111101 1
011010010100110000101111011000101011100101101100000101101110001100100101101100001110011100 1
10011111001101011011111000011000110111100111001011101011111101010100111011 1
000000110111011010110101101100000101101011011101010001101110000011010111101101000111001100010 1
111100110001000101101111000011010011000 0
1110110110110110110010000100101100100100100001 1
11010101010111110001100011111000110011001001100010110111110011111110101010110100101110110001 1
1001111101000001011001101110100001000110001101010000000000110011101100111010010111110011001010 0
0111 0
10010010001 1
11110111110110010111110001100101000001000111100101101010101001010 0
10001101010000 0
101101000000110010110100111111101000001011111110100001110010000010110011100110111010110111 1
1100 0
00100111010010011011101011011010110110100111110010001011010101011111100000100 1
0011111111100100100000111111011100 1
001001011100111101110111000000000100001001101010110111100001111111100 1
1100011010011110001000110010101111111011 1
1110111111001001001 1
011010101010010001110101011010110000011010111010101001001001100001 0
100101111000110110110100100011010110100000011 1
111011100100111110001001111100110111110111011001010010100100011 1
0011101100111 0
001100000101000111100001011110101111001100 1
0011100111010000110011011010010100101110100111100110111 0
000000111001011000010100100110000100101100000111000010000000000111000000010011010000001 0
0101 0
001001000001001010111111101100000111 0
1000110011101110010101 1
111001011101111 1
10100100110101100001000110110011 1
1010101011010011101011010100000101101000111110011000001011100110011111000111110100010000011 1
101010001011 1
10010011110110111100011100000010010010 0
0110110001010101010111011110001100011110100111100000011001001000011110011010010011 0
11001010110110101010111010 0
1101011000011010011100 0
0101100101 0
10101100111011011110101101110010 0
1011111011101100011100111110110011001111110000011000 0
0110010 1
100101100001110001000111001010001001001 1
111111111110101010111111001 1
000100110100001011100100110 1
0100000001110000000111111100100100011011101010010100001010100010011001001110001111101110111111110 1
001000101110011011010010101101100000010010110100111111011100101001000100001110 1
10010110110 0
100111100101110000110000000011000001111101100111 1
1100001111111110001110110101001010110111001111010011010010101001001010000 0
1010110110000010101000111011101001011110111101000000100011101101011000101010010101101010111101011101 1
1100000100000010011011110011001110110011010000001001000111000011000110011 1
01110101011001101011111010011110001010 1
10010110100101010110011000101100101101 1
0100011100011000101000000111100101010010010111001010101011000010100111100001100101100110110100010 1
001011011111000011011110101001001100110000011 0
0011001000001000000011100100010111 0
00000111100110100001111010000001110 1
0010011001100011000011001111 0
0001010010000001010001100010100101001111010001110010101111010001100011101000100001011111110 1
0100110100100010000100110101000100001011100010111001010010110001111101001010000010000010111101 0
10110110011010011111 1
00000100111111001001011111010001001001110000000011001001111110010111110100001111001 0
0101000010001101000111010101100000000101001111000000000110100000101000100 1
01110000110001000001101001010101000001111000 1
01101011010001000011111000000001111001101010001101101110100100010001110010111001110110000110 1
1000100100011010000111011100011001001101 1
01101000010001001110101111001100101001111011110100100000100110011111111 0
100111011111010011100111011111100010111111100111 1
0100000101111100111011100010101000101001001000100100010110111000100101011100000011011000 1
001001010111011000111000001001000100010110001000001000011000001010011101 0
110110101001001101011110011110011 1
1100011010101111011110101111000011001001100101101111100100001100 0
010011110100101011100110100001000110000011010110111110111 0
1001011100101101110111101001101010101000111 1
0000011100011001100011111011111010101010101111101000010000110001010001000010110111011011100 1
0001011010110 1
0010110001010000010111010000010110001011100010011111 0
01001111101 0
00000101000000100100111110010101011011111110100101110010111001000011001001011 0
11101000110001100110010000010 0
0001110011101000110111000001011000000000000111 0
100011101010000101101000100111101011101000100011001101111100010010101110111010 0
1011000101000111101001100110101001 1
01000111010011111001110001111 0
100101110010101111100010010100100101010011101100110001011100100000000101011111010000100110 0
000111000001111000111101010110010110111111011101000001010100111111010110100011000111 0
010000011101100111000100111110101111011 0
111111011011011000011110110111110111000111101011111000111010100110110001100101 1
100000110001001100001101101110000011100101000001101000110000111010100100011101001000111100101101000 0
100011010111011000000111100000010100010101011101111 1
101100010000110101001100000011110010 0
10011111101101001111110111000100011010110010011101111000001001 1
1111010001001110101001101100000011110010100110000 0
010111011101111 0
01111100110000110100010100110111001110011000010010110001000001001110111 0
011100010011100010101111111010010000011011011 0
1101110001101011001010001011110001111000011011101011100110010001001110000001011101010101111 1
011111010111101111110001001000110101101101101011110100001111100011011101111011010000101110001000 1
110110111111000110110001010011010000011001100110101010001111 1
01100101111100110010101101111011011011000110110000011011010110101011110111101011 0
10111000001011011001001111100011110010011110000101110100100 0
011110111001011 0
1110101000100111001100110011110101101010000100111000001001100001011001111010110001110 0
0111 0
01000000111011010101110100101010101001010010111011 0
11101011111011111101 1
0001111000010001101000000011 0
1111001100000101101001011000110001110110011001100111 1
11110100111001000111010011100000101011000011000111110010101 1
110100110100011111110000001111101100011100000001100110011000101011101011 1
1100 0
011100001010001011110 1
01111001101011000101100110101011001101101000100010100 1
000110010001010000010000111000110001010011000000111001100000000100100001000111001000000010110001 0
001110111101011001101110011001010011111111011 0
0100111011111011 0
0100100001111111110110100110110010101101010101000001111100100100010001110010101101 0
01111110001010011011011100000011101011010101100010000000100000001101011 0
0001100101111001000010011101000100011001110011011101010110000010001110 1
001111110011000110011110101000010110101111011000110101010111110101100000010101101101011001101111000 1
1011001110101110011111111011111011110001001111100101100010111011000001001110 0
00100001001010110111010110011100101101100001011001010010 1
101101011 1
011000100111001110110101100011001110110111010000110001010101111010101101011110000100000111000 1
1110000011100011111011100010001110100000101010001000111010011 1
00001000010110001000011011110001110100111 0
11011001000001110101000100100110010100101111001111110100010111001101101110 0
1010010001100101110111100100011000110111101110010010101010010101001110011001011 1
001000011111001000101101100110011010000111011101000001010000010000000111110101011011 0
0110000100001000001111101100011000010110111001011100001101101100000100100100111100110100 1
111100100010001 1
11010100100111011100000010000010000010101000000111010001 1
10000111100111000101000010001 1
011010101010 1
0010101001011010111111000111000011100100001111101 0
010101100 1
100100101111111111001101001100111101101000110001000010110011000100101100011111110 0
1001111010010101001010001111010110101111 1
11100010000001100010011000001000101 1
11011110001110101001010111010111100110100100100000111011110011011101100110100011 1
11100011001101000100110000110110100010 0
0100010 1
000000000010100101010101110001011000111000010110111010100010101111110001011000110100 1
10101101000100011111101001100100101001001001011100110100001010001010011111111101 1
000101110100101 0
1100111100 0
001111000100111111111000110100110110011101000110001111001011101 0
10110110110110000101100010111100101111001010110111010100001000101001101 1
10000001000100100001011001100011111101011010101101100110000010100001000000110110010 0
110011101100001000010100001111101101100100010010000000100101 1
11011001010010010001100101000 0
00011110100001100110011001001111001110101111010000110110010001101111111010101011 0
00100010010011001000111011110110010010001100001010 1
1000100110000010110001001111111100111100101100010100011000111111101100111101101010000001000 0
0101110100011001000011010110101100010000000010 1
010001100111100110101 0
00100100111011111110010100000100111010101101101011101001101111000010010100010001110000 1
10000010101010101000100011111100100001111101110010101111011111001000100011100110110101001110 0
0111111001100001110110101100001100110100000110 1
111111011000111110101110111111100111111100011100011000000100100101 1
00110100000 1
11111110011001100011110000110111010011010100111011100011000101111011 1
0110100000100111011001001101001011110100000101110000110110100010010100 1
100111101011100101011001111100010111111111000110001101011001111101010001000101000100011001011010 0
0011 0
000011010110100 1
11010100001001111000110001011000111 1
00101111111001001011001001010100111100010100001100001101111010000110101100010100101100 1
11110001101110011101011110010100101001110111011010011010010101011111100000100101110011100101 1
0111000111010100111100000111111001101011000010010010010010110110101111011101101101 0
01011100011000000000010010111011111110101010000010101101 0
100110001101110001100101001110000101010011101100111001100101111110000111001100000100100100001010 0
0010000101110000100100000010010000110110011100001111001001101011010010100101101100100111101 0
000000000000110101011100110010100101 0
0000100111010110010101111010101111011111011000101100010001111010001111110010000010010100010111 0
0010110001100100000010000001001111110111001111010111111111001010001100011000001100000011101011011111 0
110000110000000110110001101001100011100100011011100101101001011010111000110 0
0101101011 0
011000111000101101011000001011001010111100101000110000011100 1
1100010101111111101110010000100000001001100011000111101110011000001101001111001 1
10011110100110011110001001101110111111111001 1
001101111111101111000101010110000101111010011001 0
001010000010111111001111000000010011101011 0
001100000001011010 1
0010000011001010001101011001101010001100101001001101101010101 0
0010100 1
1000110001000001000000010011000110000010110010101000011010000100 0
100110110011000100001100110010010100110000110 0
10011011 1
1000010111100100011000101110011011101100001 1
0000101 0
1010011010100100100101001111101101001111011010010011010011011000000 0
01111110 1
0011 0
101000111010111100110000111101010000111001110101011110000100001100000 0
11100111100000101010101001011100011110001111000010000101010101110110011 1
100001111100011110010100001001000110000010010100001000110001110 0
11111100010101 1
100111000110011110011100011111010010001000010001101000110011001001000111101011001110110100101111 1
101001010010001101011110111001010011 1
000101000101101011001100000101110000100010010100001010100101101011011000101001011111011110001 0
100100110010010001100011100010011110010001111110101110111010111011010011011 1
101101000010000110110011001110101110101000101001111011010110110100111010000110010100011 1
00111101101001110000110010101110100010010010010 1
1101111001000001000001010100010001100 0
1100000101001110010100010100001010100100010000101101 1
011111110100 1
00011110101011101100000011101100001101010110010111000011100100011110000 1
0101100101 0
0010001111011010010111110001110000100000100110010110011100011110111111010011 0
10110111111110010000110010010000011000011 1
1100001010100000100110110111110010001011100101111000100010111110111110100000110011011 1
11101110101101011001000111111110101001010 0
110001100111110011 1
1010000001000100001110001101111111110001010100111000100011110000110000001010001110110100100111100 0
101111100000011000100100001100010010011010011001100001001001 1
11011101011010111110111011001011010011000000111111010100 0
01100100110100111111010110111011000101001001001011000101100001001101110101110000011011111011111 0
101110011000010010000010110101000110111100100001100101111000101000001001 1
001101000101110010111110101001011010100101001000001101101100110101111001000111011011 0
1010100010111111011110001011010001101001111000100110010111101011001001110000000101100 0
10101011110001001100110101101111111100110111101100100 0
00101010111101110110000010110010001100010101111111111101100 1
10001110100110100111100110101010000010 0
10111111011011100000011100001000011001010001110101010111000110110000101011011110011000 0
000001100010001111000000101111110001000001000111010100001000010110111000100100110 1
0100001100011010011011100010100111010111111110001001101000 1
000010110000011 0
0111010011011111111101110100000001010100100010100010111000100100101100110111010101100110110100110001 0
01010100000000100000110001110011101001110001011111011000101110111010011011101100000100111110001 0
100101010000100000101101110110111101 1
0100001100001111110100000011010010001101100010010101 0
10101011111101101001101100000011111000010010100100011101001010001000111 1
0000101010000010111100101010000111111011100111100101010110000100110111110100011011011010 1
1111000010110111000111111010001111011001110101010100001000110110001110110111 1
111001110011001011011101000011000101000110000001000111100010001100101010001110011011000 0
000111000110 1
1101101011111111101111 1
111101110011100011000101001110100011001010100000110110111101001010 0
1100000110011101110101010001010010110011001011010111100100110100100001000010111101101010010100011 1
1111100011111110010101100111111100010001110101000111101010000101011000111001110011000 0
111110011111001001101101001111100010100001110110110101000000010 0
010000101101101111010010110001111100100010000001111110011100010000111 0
111110010110110101100111111111010100110 0
1111001101101001010100111110101000101100111100001110111000010 0
010100110111001111010011101110110000111101110001100101001111 0
0110111010111001001010 1
001011010001110011110000111 0
110001110010011000010110110110000011 1
1111100011100001010111111000011101000001111000110111100110000001111000100011 1
011001011100010010101111001101110000010010101001010100011101110110000010011111001100000001110000101 0
1011101011101010101101110011010001001100010101110110111010111100011010111 1
0100111000001110111000000111101101 0
00001010100111001100000110010010001110 1
1001001111100011010111101100011101001111111001001101101001101111101001011111110010101000011110100 0
111111011001000110010100111101 1
01111101111100111011111101110111001001010101110100010110100011001011001000011010110 1
000110010011101110011111111111000001001010100111 0
011110111100101000101100010100001010000001 0
11010001101100000110001100101110001011100010011111111001000101001101010100110101010100111000011110 0
011100101111100010101001111000010000110010100100000110111000111001001111010010011100010111 0
010001000001010001000000101100100011101101111110110010110111100111111110011100001 0
1000000011101101001111111000 0
1001101 1
1011111000100 0
0101011000001001100 1
0010110101111010010010 1
100010100010110011110001000001011110100010001010 0
10100001010110100001010000111001000000000011001101000010110000001111000111111010100010001011000011 1
0110100101100101000110011010001000110001011001011001010011010101010001101100010001110001110101001 0
0010110001011101000110100001001010 1
000110011111000100101100101111001 0
010100011010000111110100010001100100101000010100110011101010000001001001111010110110111101100000011 0
001111100011000101 0
01000001100100111000001000011000110111100110010011101111101010110001011010000111101110 1
1001101001111 1
1101100101101010101111100111100110000111001110000000111001011110000011111101111010 0
0011011001011 0
11101101101010101000110001010100000110101001001011010010111011011 1
10100 0
101100111101111111110111011 1
00101111001000110011101011011011100111111011010000010101011001110010000011111011100000111100 1
11110001100111000010101111100000111100100100001101000000110100000000011000111101000 0
0100000001011010001000110010111110100111101101110100010111010011000110110110111111011011 0
1000010110010011001101100101111111111011011101011001011010100000111010100110010101010 0
110001100011110110001011011001 1
1011010010010100100001001101011 1
0110000111010010100101001101001101100000110111111111100111000000100011000110111111110000 1
010010 1
001111011100001110000101 0
01101000100100100111010010000011110000101010111110100001011000010100000101011000001111000000100 1
01001001010110001000011110110101001110101110111100111011110010 1
000010101110110100010010111000111110101010101001110111111001110010111010110001101010101001 0
0010001000011111011101111101000000111000000111000101000111011111100010 1
100010000001111000110 0
11101110110000000001001110111111110101000100110111010010000000010000 0
101111111001100101100011010111101111011110000001111010111011110 0
1111001101000011011011100 0
001111 0
0110000010101101001110111101111110110110000111110101011111010000110000001011011001 0
00110000101001101010110000011111001000110011 0
010100110111001100010000011111100111111011110001111100000010 1
0011100111101 0
000110010111010000010110100111010110101100001 0
1001111110000000101011100101010110010101011001100111011101010001100001 1
1001011000011100001 1
111000100000010011001100011001111100110000001000100111000001001000011000101 1
000101010 1
0001111110001011000101000001101110101001011110001110110011001100001010110001010110000 1
000100001101001100111011110111 0
111101110010001011111110010000001011 1
1111101100110000000000110000001000100001100011011011100100010011110101001010010 0
0010101100100100000000110010011001 0
10111110010000100101001010 0
1101000001001001110000011011110001011000001001111101111111011000011011101010011001000001111101 1
0010110100101 0
111110001001010010100111010001 1
1000111111000110101100001001010001101100001011 1
100101010011001100100011111001010 0
101001110110111110110001000010010010010101100010001111110011011011101 1
001001011111011010110101001010011100000110011100000101001101011010100110101010101110010100010101 0
1001100101000110100110111011001001110011111110011010 0
101111111110011011100101101101011010100001010111011101000010010101110011001011001011000001101110011 1
100000100110010011100001100110011001001101111000001011011 1
1011011101011000000111000110101001011101010111111001001111011110101011010 0
011101000000011100000000001011111100110100001010000010110001110100101111100100000111101111111011111 0
01001011111110101000111110011000100011100011 0
0000110110001110101100100101000001111011000001101010100100110010000000010110 1
100011010010010000101011010110101110111111100101001111001101001001000001111000001 1
11100000110101001011100001011100010110101111011000000 0
1000011101001100101100010101011101111111011110011011100111111111000111001010100111110110101 1
1010000111100110111110011011111101000001011101100010000101000 0
00100010000000110011010101100 1
00000000010010000011110000 1
1011011100 0
100011010101000110111 1
01010101011100101011001010000001001111011001000001111011000100000101100101111111110110101 0
000110011001010101010011100010001000 1
1011100000 0
100010110000001101011000011001010011100010100 0
100000111000010011101001011000101110111010000101 1
1111101110010001100010101011001001110 0
11000011100011000111001011001011011011101010 0
101110101001110001101011000011110110011011000010011111111000101111111111010001 1
0101110100010011001110110011100000000011010111110010100100001001000011110011001011011000001 0
11001001000101 1
000011100101101010111110101010011000 1
010111001011110100011011011111110011011111011011100111010011001010011111110 1
011001000010110001001100011001011111100100010001010000100110001011100111001000011110100111011100010 1
000101100100100100010011100011110011001100101101101 0
110000011110000010100011 1
00111100110101 0
0100111111111100101110010100101100100011100110110 1
10000111011101001001110111100001101 1
1000111000000100100011110000011101111111111001101101101 1
010111101101100010010011000000010100000001110000101 0
010000001110111001111101101110111101001011010000111001001 0
100010111100101100111011001110101001111110111010000001101110 0
0101101000101110101000111111110101000001001000101111010001110001000100 1
0011110010110111011101011011000010 1
10001110111111010100101011100000001011010111111101 1
1011101111111100010101000010100111011000001001110010100001101110111110001110000000101001001 1
10110000001110000000000110001101111000110001011000101010100111100010 0
10100000010101000001010101111000110100111110001101000011101111001001100110001010100000000101 1
00110111110111111011011001001 0
0110101111011011011101010001 0
1111111111101001101011110001000010000111101010000011110111000010110 0
10110 0
0011001010101111001000001001101101001100111100010100011111010001000110000010101100100101000100 1
1011000011100 0
110001000001001101011000 0
101111000111 1
1001 1
1011010001111010101011011011110001010110001010100011001101001110010111010001101111010010111 1
001011101100100111001111010110001010101111111101 0
00000110111010100110011001001001100011010101001101 0
1110010011011101110 0
000011111011001100001011001000000101101001110111 0
100000101000001101001011111110010010110101101100100000111010111110100011010110110000000001 1
010000011010110110000101110001101001101101110011001000001011101010111001010 1
0101001111101110010010100100111110110111101101110111001010000001010111110000011001000001011000010 1
1011100 0
1001101001000111101001111001110100011100100111101011110010000 0
1001010011011010100000001110011010111100111101011000011011101100110101111100100010001011110001 1
11010010101110111011100110110010100110111000101001 1
001110001001110111010111010001001011011011011100100110000 1
01101110001110000100 1
010111001100010011100111010010111001100101010010011110111110111 0
01111110000110110010001000101001111111111001110001100101 0
0111101100111000010110010110001101100011110100011110010 1
011101101100001111011001001000010011111111111000101100010000010101010010100011110111100010110111 0
0111010110101110 1
00011101000111000001110111001010111110111 0
100110110110 0
1100011101001100111100101101001111110011010111010001110011011100001110101 1
01011110011011010001111011011000100100111101010010011101100010000110011111111010111110101 0
00010010111000110100101001000010110100110000000100000111101001010010011101101111010000001011100101 0
00010110000000110001100011010111101001010001001101111100100110011010111 0
111000100111110111011011010110100000110110010110011001101010101101000110 0
10110011111001110101011000011000101000000010000011101 1
011111110100011110000101100010101100110001111011010110111001010100101110110000 1
010100010110111111100111111100101010101011101100010110110111111010100100010101 0
001101101101110000000000011110010011010001101001000011000100111 0
0101111100000000001100110111110100001000110101101010010110111101111111010100000010 1
10110100011000000001010101100000010010100111010010011101011001011101011100001100101110001101011110 0
0111111100111101 0
1100111010100010101010001111 1
000000101110110011101001100111010001000101010000000110000001 0
1100010000000110101000100101110011000110110010101001100111010010011001101001001001000101000101 1
10010110110100000111111000011111010111111101101 1
0111001101000110101111110010101011101011 0
00010100101100111101101111111000000011011000001 0
10111010000111001010000000101101011110100 0
11110011001100100000111010 0
01100010110000111111 0
1010011000010100010111100110110 0
0010000001000100101001001011001011011010010110011000111100 1
1111100101101011001110000100110010010111110 0
10000111111000111000011000100100101011011000001111100111100101110110101100 0
00011000001100111010110110010110111000010000100000000011 0
101101011011110110011001110001011110101 1
1011000011110111111101010100101010111101011100000110111 1
00100010110110100111001101001100010000011110110001000111110110 1
00111011000 1
111110010101010000100110010011100000101011111011111010 0
0110001101000101001 0
00011110000010111111000 1
10001000010110111010110110111111111100101011100010100111000110011101110001000110011000001 1
001011101101001000101101000101000001000011110100100000100011011010010110011101 0
00111101000110110111111101001010101011110100100001001110001110010010000101111110010001111111 0
10000111111101000010111111011 1
0010101111111010001101011001011101111100011000000101011010101011111111110110101000010000 1
111010111100100010110011011011100001100011001010110100010111011010100110000 0
00111111011011010011111001010000110101011110101110111100001000101000110010001 0
10110110000110111000000011011 1
111110100001111001011111000100001001101111111100001100 0
1101000001011110000001001011010011000001000101001010 0
1110011010010001100010010001011100111100011000110100100110000100011100011100000001 1
0011101001101101000101100011001100010 1
000000111001100111001110000110101100101110100101101100110011011111111010000 1
0001100101000101001100111000110011100001001110001 0
11100001100100 0
11110010110101100100010101100011101110110111011101011100011000000000001010111000001000 0
001011010110100111101101 0
000010100111000101100110101110111101001110010000111011010101101 0
001101101111111000100101110011100001001101000101111101 0
0000110110010110100001010011010001000010110000101000000010 1
0101100111100111111000101000001011011101101100011001010110 1
011110001000010111101100010000100111101001000011101010010110011001 0
00101011001110111 0
001100000010100101000001011011101101100000010100001110101110001110001000010010000110 1
1001000010110111 1
001111011001101010111111010101111101011111111111000000010 1
1000111111000100000001111111011110010010010110111111100 0
010111101111000010001010001011110000101001010011101100011110010101010110011001001100 1
1111010010111110001011101100101110001001111001011101011001 1
0111100000010011100111000111111011111 0
01100100011011101000001 0
11100000101111010001001010101010010101110000101010001110011000011100110000001011110101110011011001 1
11110011001010110000111011101010100101010000 0
111101110111100111011001100010001011010111011000010001000100011110010101 1
10110110110110010001001010111001111000111 1
01111111111110100010111101010111000110100000101001001101011111101001010110111100101 0
100010001110111000000010110101 1
0000111000110011101101000101010110100010110110111001111000011101100111011001110001000010 1
1011101000011101010110000110111011010110110010000001011000100111101011 1
0011011001111011000100100101101011111101110011101000111110010001100110110010 1
0101000101101011000011000001001100001011001101100000011001 0
01101 0
1000001100110110 0
10011000111011100101111 1
111011010100000110001010100001101111010110011101001000100010 0
0000110101001010000110110011110011001011001100001111011011100101010001011000001110110111111011 0
100010110110000011101001110 0
0001011 0
000100001101011100101111101100110000110110100001111010000001101101111100001100100100 1
01100110111100110 1
1011100111101110001101100100111010011110101110110101000001110101001011101010101110000000000101 1
010010001011001010011110011110010 1
101110011111100000010101000010001101011110000011111100010000100110011100001110100010 0
001001010100111010011101100111110000010010001011000001111001000010011011 0
0001111110010001101101011101011000101101001100110000101101001101001111010101010100101101100 1
1000111 1
111101100010011110101010011011001011101010001110000100111101001111001101110 0
001111110011000000101110010101001100011110010010000011100001 0
100110000100111011 1
110110001100111010111101100011001100101111101111010 0
0000101000001100110110111110111000101101001001110111001111001001110011010010011000010110010 1
111111100100000100110100011000101001000010101111110000100 0
010000001100000100101111101111010001011100111010000010010000010 1
010010001110000101110111000010111 0
1101110011000101101 1
00000001101 0
0010110 1
00110011101001011001101 0
01100100010110100100111011100100000000000110000111101 0
1110111101100000100001100101001101100101010110101001101 1
01000011000101010 1
0110010101001010110010010101001101110000000111011111101011100000010100111 0
10001111 1
0011010001110 1
010001010000011111001100011010100010100110101111 0
1000100011001111101001001101111000110011100000011101101001010100111101111100000101101100000000010 0
10101011001011011011000100011111100100010010111010100000001011100000110001110110110 0
1100111001011011111000011100011010111110000000011101111101001100111111111 1
10010011110111011000000000 0
111011111111110100001100001111 1
110010001100101000001100100101011011111000000101000101000011110000110110111011011101010 0
01011111001001101010101011100111110000100001001000011111010 1
000000000010010101100110100011001011110010100011110001000100 1
011000001110011101111000000100110001011000100100001111101101010011111110110101 0
001011000111111010100100000000101010010100101 0
11001110010110110100101001001000000111010110100010 0
010101100111111011110110001010101111001000011000000011100101000000001100001 0
010101110 1
1011001101101111100 0
1010101001111000100111100101101010001101010111000010111110 0
0111000000011101 0
0000011011101010100101001001001011110000100101001110010101111011100000010100011010101 0
1011010010110101011100100110010010101100010110 0
111111011101111000010001011011011011010000000010100000011000000000100011101000010111000 0
1000011111111111101100010010100000100010010000111110100000011011 1
