11 1
101 1
111 1
1011 1
1101 1
10001 1
100 0
110 0
10011 1
1000 0
10111 1
11101 1
11111 1
100101 1
1001 0
101001 1
101011 1
101111 1
1010 0
110101 1
1100 0
1110 0
1111 0
111011 1
10000 0
111101 1
10010 0
1000011 1
1000111 1
1001001 1
10100 0
1001111 1
1010011 1
1011001 1
1100001 1
1100101 1
1100111 1
1101011 1
10101 0
10110 0
11000 0
1101101 1
11001 0
11010 0
1110001 1
1111111 1
10000011 1
11011 0
11100 0
10001001 1
10001011 1
10010101 1
11110 0
10010111 1
100000 0
10011101 1
10100011 1
10100111 1
100001 0
100010 0
10101101 1
10110011 1
100011 0
100100 0
10110101 1
10111111 1
100110 0
100111 0
11000001 1
101000 0
101010 0
101100 0
11000101 1
101101 0
101110 0
11000111 1
11010011 1
11011111 1
110000 0
110001 0
110010 0
110011 0
110100 0
110110 0
110111 0
11100011 1
111000 0
111001 0
11100101 1
111010 0
11101001 1
111100 0
111110 0
11101111 1
111111 0
11110001 1
11111011 1
100000001 1
100000111 1
100001101 1
1000000 0
1000001 0
1000010 0
1000100 0
100001111 1
100010101 1
1000101 0
100011001 1
100011011 1
1000110 0
100100101 1
100110011 1
100110111 1
1001000 0
100111001 1
100111101 1
1001010 0
1001011 0
1001100 0
101001011 1
1001101 0
1001110 0
101010001 1
101011011 1
101011101 1
101100001 1
101100111 1
101101111 1
1010000 0
101110101 1
1010001 0
1010010 0
101111011 1
101111111 1
110000101 1
110001101 1
110010001 1
110011001 1
110100011 1
110100101 1
110101111 1
110110001 1
1010100 0
1010101 0
1010110 0
1010111 0
110110111 1
1011000 0
1011010 0
110111011 1
111000001 1
111001001 1
111001101 1
1011011 0
1011100 0
111001111 1
111010011 1
111011111 1
111100111 1
1011101 0
1011110 0
1011111 0
111101011 1
1100000 0
111110011 1
1100010 0
111110111 1
1100011 0
111111101 1
1100100 0
1000001001 1
1000001011 1
1000011101 1
1100110 0
1000100011 1
1101000 0
1000101101 1
1101001 0
1101010 0
1101100 0
1101110 0
1101111 0
1110000 0
1110010 0
1110011 0
1000110011 1
1110100 0
1000111001 1
1110101 0
1110110 0
1110111 0
1000111011 1
1001000001 1
1001001011 1
1111000 0
1111001 0
1001010001 1
1111010 0
1001010111 1
1001011001 1
1001011111 1
1111011 0
1001100101 1
1001101001 1
1001101011 1
1111100 0
1001110111 1
1010000001 1
1111101 0
1010000011 1
1010000111 1
1111110 0
10000000 0
10000001 0
10000010 0
1010001101 1
1010010011 1
10000100 0
10000101 0
10000110 0
1010010101 1
10000111 0
10001000 0
10001010 0
1010100001 1
10001100 0
10001101 0
10001110 0
10001111 0
1010100101 1
10010000 0
10010001 0
10010010 0
1010101011 1
1010110011 1
10010011 0
1010111101 1
1011000101 1
10010100 0
10010110 0
1011001111 1
1011010111 1
1011011101 1
1011100011 1
10011000 0
1011100111 1
10011001 0
10011010 0
10011011 0
1011101111 1
1011110101 1
10011100 0
10011110 0
1011111001 1
10011111 0
1100000001 1
10100000 0
10100001 0
1100000101 1
10100010 0
10100100 0
1100010011 1
10100101 0
10100110 0
10101000 0
10101001 0
1100011101 1
1100101001 1
1100101011 1
1100110101 1
1100110111 1
1100111011 1
10101010 0
1100111101 1
10101011 0
10101100 0
1101000111 1
10101110 0
1101010101 1
10101111 0
10110000 0
1101011001 1
1101011011 1
10110001 0
10110010 0
1101011111 1
1101101101 1
1101110001 1
1101110011 1
10110100 0
10110110 0
10110111 0
10111000 0
1101110111 1
10111001 0
1110001011 1
10111010 0
1110001111 1
10111011 0
10111100 0
